-1.6073402134001065
-4.688565618145138
-1.094608697975913
3.205927660422608
-0.09427897859041447
2.348241967448608
-0.43484373003591625
6.055313366934325
-1.0629425057819673
5.626300443456998
5.570990200836968
3.7970588400559597
2.345261328709672
-1.7555510988294687
0.9608608964785481
-5.135834963196464
7.103832082957274
-0.06840499243213735
2.704395729021727
5.4141202953049925
-0.33987431984109545
3.310147792336386
-5.250298387198706
-7.9844406338385525
-2.0197316583421365
3.6938093590942183
-4.687703064403331
-2.700136252758657
3.753198072661509
-4.142380181235875
3.2188040829362103
9.508273659031758
-1.5101544226801835
-3.977367733444094
2.799520245555549
-2.5525558001248934
0.7686529551748449
-1.4195255886053533
5.553087028295981
-6.416911892925094
-4.752813436746852
-4.928064187473298
2.256914236205911
-0.9654403871315007
-2.407924400400781
1.437116833798693
-4.9875918022980095
-8.161992605218163
4.452803250013042
-4.632743046943347
3.2485619357704842
4.639420201455379
-1.2692612355203947
1.4947929960812014
-0.43702954190841586
-0.9407267856343812
0.906330362329917
-0.6546905070418072
-0.1664713572314727
1.3592002109106949
0.21792783915444364
2.753788130577291
0.5664385612467455
-8.22521852962242
