-4.150558426293696
-8.874999884853562
3.186846874202601
-0.07701619588980689
4.466806106431818
0.5754859575862972
-6.2129747906468
0.4144763241928003
-0.5473302298258959
-1.3022327893270802
-0.3185582761458424
-4.314289922856394
-0.34910635214235214
3.801932627032337
-0.694304423900152
-5.552595060183216
3.1065078609766332
0.23810548468265716
2.6171777758249504
3.816969525684305
-5.414688980280571
1.8229418225244243
-2.9402454886197242
-1.2958660979243068
-2.0945621783102086
3.222177744639895
-0.8035573282729601
4.568984568415555
1.6625673565719437
-3.5122164752273517
-1.4496076686805863
-7.377029979908324
-2.3862011426993264
-0.9885208600106905
-3.353506669620173
-3.3988902866597326
-6.393447268187622
-0.11170984735930246
-3.801036091403506
4.417025787769071
-2.8150821414505116
-0.7273350997234342
-9.457012251355533
-0.7368398286527841
1.946497099814636
-1.3070327644019446
2.7380741902568104
-3.1898880346215095
0.7841693482998856
-2.716720765356252
7.388863593064696
-3.9569308495520246
-0.20949893172714068
1.910088724667741
-4.223166980965289
-3.042593212561568
-1.228900491730134
-3.2835025687033035
-8.16051580454429
-2.4328700833674
-3.7670111565545747
5.819311559358814
-0.2631630228569452
-4.926781536068309
