0.2576925602506317
2.944085757309464e-12
1.2193741140928368e-20
1.5459769738437432e-32
2.3675262385952386e-07
0.64238697838532
0.09992022460848045
3.694705477537497e-18
2.4845949678436313e-16
1.6601361365678372e-22
0.9999901738146096
1.881111577795749e-13
1.710211480924355e-21
9.826185201936956e-06
5.027878922273427e-25
1.3382389239546063e-16
1.808037960863434e-33
1.795887036732204e-17
5.865784289427551e-44
1.4508444869065152e-24
8.948661964940075e-26
1.307338410656368e-28
2.137372961994678e-47
1.0
1.6636251709365205e-50
2.7032067728627638e-15
7.83551563261577e-49
6.096555266898413e-57
3.494704990132734e-29
2.151067274534466e-71
2.0801778686606587e-24
0.9999999999999973
6.369133715834531e-22
0.9999999965672521
2.4765025088605783e-27
2.925183394151876e-22
5.9774469702446246e-21
3.4327479683308955e-09
6.301297472286485e-26
5.570455489668771e-18
5.986351111065163e-55
2.7077903104776386e-36
4.966319587377009e-39
1.1980948244446013e-58
2.0911837804776416e-34
8.062990991443074e-53
3.3766217070860696e-07
0.9999996623378292
0.017514331156124135
1.876822806152583e-25
1.2800829912951396e-10
1.5541779672864795e-08
1.1823698583946001e-26
0.9824856531740879
1.5455358055682416e-44
1.0170805608655918e-43
2.640424025020601e-63
7.606603334684744e-44
1.5738145170592565e-41
8.253070689625627e-56
2.2934618635617016e-44
7.356557216957416e-37
1.978007857092459e-39
1.0
