-198
85
202
-114
-223
-6
-51
436
-36
-382
-13
-263
255
303
-156
9
-173
91
-55
-130
27
9
81
-224
-21
-391
-11
-230
-92
-7
-153
-171
-142
59
142
65
-159
76
-75
-60
501
-103
188
228
-116
180
263
-105
-105
324
86
-52
323
-115
-430
-213
-416
163
72
38
-88
199
-18
69
212
122
12
19
418
127
-222
-65
-384
160
-240
-165
-598
203
161
102
119
-72
-392
205
128
58
178
-176
-23
272
16
90
202
-292
-131
393
179
-244
197
-298
-166
-49
-436
-112
-368
-52
389
17
313
131
57
334
4
-143
-60
29
-449
10
-141
-25
-12
125
-106
126
284
114
-107
77
30
-217
-407
217
132
-289
184
12
156
-93
-82
81
191
119
-413
227
-137
300
66
-224
-17
12
-120
413
-118
280
533
184
94
118
100
237
-182
60
307
-9
39
-123
258
-95
341
320
49
-126
73
-46
-194
-257
88
451
24
-272
336
38
-65
-72
-363
111
90
23
87
-150
79
-228
-68
-159
53
-95
-22
-153
197
324
227
133
197
294
470
-294
-310
398
-161
319
265
-170
93
-169
-46
-201
228
372
-222
102
70
-57
-351
32
234
111
28
11
73
165
187
-134
-12
238
58
-431
283
-342
1
-110
117
-49
70
315
75
332
164
-52
40
-24
435
-154
334
-281
68
-260
-78
52
-140
361
-291
-128
166
-275
282
65
-72
-82
-215
217
-149
588
-358
154
-311
-157
-122
-302
-139
-242
-208
-406
25
31
305
99
-440
112
-31
-214
124
29
84
35
-121
-137
-35
217
-114
66
23
-443
41
-74
8
-14
-170
127
-211
-41
237
-94
355
179
475
-102
369
-292
-209
-123
421
-529
243
290
9
-264
60
-127
-201
-94
285
221
94
299
-400
-145
270
338
-40
-449
216
154
-246
-108
293
-15
99
48
-41
13
173
25
-425
66
10
-47
15
52
-20
33
141
315
-104
452
-234
555
-258
-171
-141
-27
496
-124
323
278
-66
-135
382
149
41
65
4
170
187
62
41
69
-14
-66
210
-12
240
-43
-141
-181
256
228
242
254
185
57
-103
257
-419
-350
132
113
341
-49
-115
-55
12
-2
30
-320
-383
181
76
204
-286
-163
153
-119
-158
-308
-19
262
391
326
122
63
-203
261
-80
96
-177
54
-46
74
105
206
-146
-420
-58
-378
-152
-370
-84
84
158
61
737
234
-48
-91
-8
-257
289
206
-225
294
-410
409
44
232
77
69
-81
-179
-365
258
331
-246
-126
-232
-13
-23
39
187
-72
-548
5
-641
27
-21
-241
-95
-347
-374
235
-359
112
-5
208
-338
452
438
145
39
129
37
27
-288
226
-34
168
219
-405
-36
-163
530
-34
214
205
-88
-215
-180
-124
-82
-443
93
69
117
-249
-315
227
92
-13
-107
406
-25
-222
-157
-318
338
-52
374
-118
292
-210
225
141
217
496
-14
-93
-163
-75
195
40
-178
15
-107
192
291
-152
125
112
-127
73
-101
-157
138
-152
213
109
-6
-259
-161
227
212
-25
259
733
-385
-282
10
592
-56
-97
-225
-108
-139
-269
384
240
-232
-51
-121
-167
-53
495
4
-44
-97
116
193
-60
41
-73
102
40
305
-118
123
-192
21
-1
-203
-38
-395
-16
309
124
-40
176
109
300
-327
143
53
253
-222
276
-456
99
89
355
57
126
39
-196
-54
287
357
155
-434
327
-176
-157
15
-477
109
256
-209
-90
229
-78
-39
152
41
-126
78
240
105
-797
136
-333
-493
394
-242
-219
22
-93
-131
118
129
198
-315
-31
359
-153
294
-319
196
194
-11
44
225
-292
327
142
138
-35
395
19
102
73
-98
-12
46
809
-37
-546
65
381
-229
40
-99
68
11
489
96
-440
124
-23
65
-259
304
155
185
-50
-135
-35
-87
-273
114
142
-102
-331
-164
-166
207
102
27
-62
-186
-78
-5
-153
171
-32
-158
-18
-200
-50
-6
206
-384
-46
11
313
137
-196
296
-186
-179
290
-137
204
-243
25
277
-344
-93
-22
240
164
24
256
49
-325
199
-134
170
26
-40
-95
233
-48
65
89
-63
108
265
113
285
-99
89
-104
-211
282
-261
-177
-121
88
-131
209
-224
-98
-154
184
-100
33
-559
46
-222
44
253
-225
228
-48
23
417
-22
-277
249
-311
28
209
-251
-124
483
-564
187
312
-516
310
331
-24
235
-49
-256
-142
-187
-327
274
-218
204
-132
233
-157
-4
-84
28
-351
260
-46
-257
-49
-176
189
-215
307
162
-159
65
-442
150
-135
9
182
-350
347
6
68
253
29
6
-180
128
63
-116
272
-49
-7
-135
-58
48
-128
255
-39
31
211
-279
-245
48
-572
-81
-313
137
193
-142
-182
226
42
422
23
-60
374
26
137
-8
-57
127
68
-72
313
-440
-232
-270
74
30
-245
110
-70
-184
-62
-79
-111
74
-154
-628
-204
173
248
289
32
-257
164
-191
110
-316
-1
260
-118
169
-110
127
-159
-293
-119
-138
32
336
-107
194
-40
380
304
181
302
175
-38
-177
107
322
-261
-62
392
-185
-92
251
460
-323
125
117
382
57
177
-518
23
-65
-114
-189
197
-175
121
-167
-45
-364
-305
116
-33
-72
-173
-31
-61
-14
-62
-204
230
108
-37
197
-97
-343
189
-141
84
-12
397
-150
-115
6
167
-297
85
-86
-82
-3
-72
-281
4
-11
-176
2
4
19
-185
-286
-422
-19
-391
-94
-6
-192
-142
127
-114
-1
50
133
339
102
-95
-255
99
113
-114
-165
31
-254
378
321
-354
-177
233
204
-73
-330
-77
115
260
27
-396
-55
89
216
235
-26
-328
240
-172
132
78
-68
-29
-395
-133
381
-403
-193
57
-173
140
-141
27
42
66
-192
394
-236
-22
-86
33
-167
226
-156
-430
-63
-397
-367
-72
281
-215
211
-415
-431
-219
401
251
237
-96
-440
89
-296
46
-79
-84
-104
-189
199
276
380
24
314
-133
78
111
33
111
-107
-152
128
140
-68
-161
263
150
95
-95
270
34
-80
166
-129
197
-59
-179
-184
148
30
-115
-34
-197
94
247
135
-286
-290
-453
-94
207
62
-19
-86
311
9
231
-148
-21
-162
-177
-206
-45
44
-106
27
-59
63
303
-115
-353
125
-4
-417
136
-177
-55
53
58
195
-109
-394
202
-293
9
173
-34
15
-125
185
318
-74
66
225
-42
11
-284
209
228
-16
115
334
-105
-5
-42
-77
-178
29
-150
42
-54
-5
-46
175
82
-54
58
47
122
-122
-225
74
-407
24
-138
-108
159
-229
137
343
191
78
-121
100
-98
299
107
-383
43
88
-115
-107
-464
-202
11
430
183
-341
33
-170
96
-38
-330
21
-222
-70
-66
-57
64
-162
49
74
-111
10
-321
290
-266
139
-73
171
-41
-80
-399
-16
-336
145
-137
26
47
128
-239
29
189
-362
94
-217
-439
-148
-182
-37
90
192
-98
-64
206
245
-8
392
132
-223
-260
-10
136
76
241
112
15
-267
-242
-346
95
199
51
-51
-18
6
-16
250
215
199
110
193
-272
22
92
-139
402
-156
-166
39
402
-330
45
-208
2
195
588
-48
-138
-154
-268
-303
268
318
-505
-9
-26
-163
361
194
-85
-24
38
69
-45
-137
-26
-158
275
30
-117
272
163
47
-365
233
-79
80
15
59
60
-175
-16
-227
241
176
357
316
74
93
100
57
431
-43
-35
163
198
21
-2
-388
538
362
31
211
-306
102
-26
-56
-143
76
108
71
74
304
255
259
-152
-20
2
-159
-206
319
-340
148
309
-266
115
-512
-89
-52
-86
-211
-45
-8
34
-75
-126
-43
97
-318
-369
-20
-135
169
157
-312
307
-61
-93
69
332
-7
185
19
34
-3
242
57
285
377
65
-89
402
-286
33
-14
243
-155
-2
-261
-1
-184
159
-417
-191
443
-372
-279
-102
187
-65
-144
203
47
252
265
6
-149
-66
-519
72
103
278
119
137
616
395
44
-50
290
-198
-40
-82
-334
210
-349
-289
-604
132
354
-115
6
375
254
294
281
-153
7
-249
-464
157
35
147
-127
181
-251
-74
527
248
119
-125
89
-33
-17
-477
66
310
244
142
-153
119
153
73
-106
-192
115
121
-184
-135
-172
-500
184
40
84
-29
-135
-131
-91
-41
-201
130
-300
-52
-79
5
-35
332
-25
192
-145
208
-380
99
-65
120
111
65
206
-9
-108
-418
-220
-287
240
313
168
166
110
399
-180
-92
-150
148
-73
114
249
39
60
-69
-198
-142
52
303
264
10
387
-42
126
-289
-24
50
118
194
198
147
-330
10
172
-200
168
-98
-9
-527
-180
-20
153
217
192
204
265
269
-119
-90
130
-23
-292
-365
202
240
3
-278
-78
43
-65
-205
-9
-179
-130
1
225
367
-161
-39
325
-126
210
61
-66
-223
184
-109
53
-74
-24
-69
48
84
-67
292
-196
225
-159
371
-243
358
41
-119
40
11
128
-277
428
-116
-324
-73
70
-148
227
123
-68
-42
12
12
208
-131
-158
-284
-32
231
370
-120
9
-126
-3
-21
-37
293
-138
-294
122
-63
-110
415
-43
218
-66
225
-188
14
-79
-83
-230
-193
257
135
218
-125
291
158
68
208
-199
-290
-442
258
-361
236
-70
18
-485
54
-212
-227
119
294
501
141
348
99
-245
183
-535
-89
22
304
-272
89
-185
30
-201
76
-345
-85
-13
-293
-295
-96
205
174
-250
-169
-149
-1
-21
92
65
509
-165
-226
237
209
518
228
355
-92
291
452
183
-313
57
-112
-95
-22
-140
38
-150
124
297
180
15
75
-208
223
126
-250
315
-18
45
21
-62
-80
136
-263
-41
56
6
-108
-82
-405
370
-148
-168
-422
-147
-113
-226
-2
-154
-68
-235
-146
-403
-56
33
-14
-276
-124
34
-71
20
-204
210
64
133
-442
-127
-278
120
298
148
-310
-63
-55
-304
-70
145
165
270
0
-213
-26
226
-213
253
-278
-58
-134
-131
212
560
-177
101
28
-283
-36
24
-235
14
28
-20
-93
128
153
203
56
290
278
-186
-74
-92
59
92
316
-115
-152
338
118
-262
-34
2
-304
102
228
195
147
-171
133
-210
-42
-270
-165
337
415
-70
217
402
-199
69
11
12
264
-144
-99
-171
10
367
-56
-33
144
207
-46
514
-10
-162
0
266
-35
12
-104
432
10
102
-11
-92
92
401
-310
27
-326
59
-261
47
-43
-366
-29
173
-349
57
-138
-170
99
143
109
-122
-15
9
327
-184
-398
-182
-37
262
-296
-188
-121
-93
-361
-284
-229
-166
310
30
-200
422
44
-33
335
388
5
-288
-82
-130
139
-8
60
-19
551
-217
4
216
170
-87
-151
-310
69
-81
59
-112
-55
16
-183
261
-43
-389
-89
96
-78
119
-512
-151
54
-302
92
-323
-316
-223
-224
108
-11
228
271
146
121
-34
-107
-204
9
499
206
-41
229
198
-64
-128
209
-79
-62
110
26
244
-64
-318
-219
18
-318
-152
-351
-392
-152
324
-158
-170
80
-109
-167
81
-88
43
123
-163
32
-283
-18
-174
71
-59
-51
-518
245
-217
93
183
24
-82
219
-76
101
-25
-332
202
273
438
157
-481
-530
-121
202
-259
110
77
-111
285
-87
-465
-255
57
-277
-115
-97
-6
-145
108
115
-72
-140
-267
-254
555
-21
-20
-494
-126
-168
78
-14
332
82
-35
-484
-60
199
147
236
-187
-237
-125
-274
287
216
88
-61
24
-191
-91
-254
81
-193
34
-51
298
104
-47
-340
121
58
-267
218
-81
49
-47
41
145
185
-429
514
-253
5
52
24
-118
-33
-130
-168
79
83
-198
203
174
-9
7
-83
147
155
138
-220
-331
-33
172
153
41
-77
-318
191
-142
358
-30
250
268
129
-277
13
-13
-51
30
231
-26
-123
-149
208
-49
-248
-121
96
129
114
-197
172
-25
-259
180
72
-150
-214
70
120
271
-185
206
-297
-415
104
-83
-140
-31
-122
-75
4
-192
188
278
158
68
-201
-291
69
6
194
-11
69
151
-316
87
-397
-112
-24
167
-17
-147
-318
-67
98
29
-116
62
-37
112
188
-197
-285
-641
-145
90
104
-349
-100
245
-162
-56
-154
72
-149
-296
-237
-105
-59
151
206
-392
-255
-90
250
315
264
-7
-91
-137
88
207
74
385
-74
85
255
-45
78
-186
-491
96
8
330
98
28
-82
350
-232
143
-158
299
-377
-219
-173
222
20
-315
-129
-14
-245
421
-51
404
214
5
96
-117
71
-90
-82
71
93
110
-129
-309
235
350
-408
-432
89
547
230
-31
134
-227
-193
89
52
122
-385
9
-221
11
-243
-64
-133
48
-286
8
-132
121
-9
-194
-234
-37
-153
-54
-134
-152
169
54
-204
-82
-68
-463
-63
94
-352
440
55
-15
37
-191
376
9
179
-376
-194
210
-280
18
-76
76
91
213
275
359
-540
146
-19
375
-178
-395
65
-477
53
-262
8
-138
138
282
-15
397
-166
-451
-1
-303
-84
-83
87
185
48
-136
137
92
233
-390
193
-41
-110
25
76
-380
281
450
66
154
187
185
-200
-273
98
481
-19
558
-109
223
89
34
-66
-53
-116
-109
362
77
-157
-214
-162
66
-215
-269
140
13
343
-431
101
24
-289
37
147
15
222
-473
104
77
-81
337
-169
121
81
-22
-180
153
-6
40
-288
273
-207
-94
124
-115
202
174
-417
25
-114
18
121
-197
-42
-222
-347
-58
-298
-270
134
-134
40
-226
-22
-98
135
167
-3
-421
-139
274
-120
-12
-382
-386
-241
-42
432
-93
-85
-142
164
218
-286
-122
254
303
-125
39
-256
182
478
-226
-269
-5
-189
-44
-6
167
-3
-222
209
-198
-434
-13
211
87
402
18
-389
-71
-189
65
192
549
-489
-235
-85
193
54
283
59
193
-14
40
189
79
-192
50
119
-133
57
-424
368
23
158
49
-294
209
-218
195
93
-7
-352
-144
-140
231
315
127
-323
20
-22
365
-36
-242
391
-313
159
214
245
-559
40
-230
314
-141
-102
-31
584
-146
-88
469
227
122
168
-257
-209
-287
27
353
392
436
71
-223
601
-77
132
-595
248
380
-122
-82
-181
74
-64
35
-73
-262
-426
200
268
-154
-384
-54
-266
-82
112
162
-162
-55
-238
-99
95
73
-168
115
-125
74
-134
-71
-204
355
34
240
131
210
-235
-13
-2
-277
-204
60
327
244
-509
453
-214
93
-309
-114
113
479
-59
288
46
-32
-100
103
-12
-81
54
53
192
-166
-109
-193
-312
38
227
-145
46
38
-401
157
285
-78
151
535
94
-157
351
-139
-88
54
-103
-50
72
177
-171
-125
-265
-225
12
266
-78
-150
97
129
-17
-162
-112
222
89
-169
240
56
-199
286
-285
258
-153
189
73
93
-291
62
151
134
125
170
304
-94
-67
-99
-98
-195
-351
-38
-167
128
-493
-69
204
411
169
-63
69
328
-113
-45
-215
-449
-465
-208
-121
-321
71
28
-208
12
-100
230
-58
-15
-117
-34
-63
181
-144
121
-26
-101
129
19
408
281
-179
28
-31
-126
-56
4
106
130
62
147
-81
48
184
13
-84
118
194
83
-226
-396
-84
26
-123
-252
119
218
-272
-273
-59
-35
-106
143
74
104
106
228
-352
-244
-4
-422
32
-147
-316
-115
193
205
21
-157
-24
-234
-397
-207
204
-55
15
-135
-447
124
-137
12
23
314
462
129
33
112
-234
-220
-122
-419
60
213
7
-214
12
-287
-27
66
-200
-439
-64
-185
-30
-303
-176
-172
17
-101
-162
-161
28
358
-182
9
-171
217
54
58
-307
-25
-75
207
272
179
-287
11
-202
-304
-242
91
28
-309
56
-99
218
368
368
-1
-37
-199
-176
535
-18
-15
78
345
-8
154
-249
-36
291
-162
468
22
123
-314
-380
-81
74
29
553
354
-21
76
-218
126
23
-340
-26
294
-94
57
-86
66
-12
460
-138
-133
-345
193
-57
266
167
-8
20
28
315
-169
485
-155
-269
-194
291
263
-119
88
633
182
217
307
-80
-157
-127
-153
-247
-18
492
-160
-15
212
18
214
-43
-432
107
180
-410
-280
112
117
218
130
31
-61
34
323
198
124
-247
-149
350
372
204
-138
289
-30
-99
30
-101
43
-1
91
-234
20
190
-303
-63
-107
172
303
-94
-227
105
288
-121
276
305
71
-21
-24
-69
251
397
-196
-383
-281
-286
349
77
-241
-30
317
-291
40
-340
13
183
-159
-114
751
-207
245
-79
-531
-277
229
347
119
238
315
281
149
53
-116
-284
557
-203
-209
57
126
237
-499
14
-316
-168
-149
90
449
195
-58
85
-154
63
-201
317
96
40
-124
-23
-133
148
-295
103
230
-179
285
125
-105
228
175
-2
-298
116
-47
257
9
-52
-199
-176
490
-132
-46
-137
3
160
-344
45
232
221
-12
-191
-226
-176
-455
243
111
-46
-25
-14
135
134
-163
124
-204
-97
-453
-110
-117
127
-90
-382
-59
-32
461
-175
22
-3
-362
-513
-64
76
80
-38
330
-186
-378
202
-18
111
431
235
166
88
-108
31
154
-9
92
211
-130
-177
-60
40
-113
327
24
-86
-204
29
34
210
79
131
-101
68
6
-158
-163
-25
-224
-7
137
-70
-157
-130
36
-231
-69
73
-134
-215
140
-4
-124
186
-580
223
-264
-174
111
-184
6
133
-88
252
27
226
193
-164
-149
-313
63
-72
56
13
428
-109
-313
-194
317
-105
47
-256
354
-194
-173
-77
-504
-19
-61
107
-30
-172
189
146
25
128
-57
-300
-286
2
-29
341
-217
-247
-248
231
-167
-244
-2
434
-173
-35
46
-58
174
256
-32
75
-541
-87
-216
-411
-182
195
286
-220
9
-169
-161
-170
301
-129
-431
99
82
125
-245
-115
-99
-367
-370
39
-106
223
122
-142
297
-219
-409
436
-136
63
58
-174
-191
279
94
211
76
301
20
-255
-251
133
-332
-38
-177
275
1
82
125
46
-294
47
252
301
-204
-255
85
109
469
-97
275
10
605
-339
82
257
129
353
354
-147
23
-125
-471
185
-313
519
160
481
-470
-273
124
194
77
-44
-77
-136
-50
47
432
-90
129
-44
59
144
-300
236
19
233
307
-10
383
-269
78
68
-89
-25
116
-197
229
354
33
-292
98
247
-320
-431
-209
14
359
-262
265
-245
308
136
-350
-363
-288
-58
-158
-178
84
107
-115
-30
-215
114
141
107
35
-429
-52
-55
-121
392
-245
37
-12
211
224
381
492
-313
452
-58
-29
151
-306
-36
124
-57
45
194
19
191
-37
139
-82
-295
-99
542
66
-262
60
420
-51
138
-169
37
551
-159
-100
-67
-442
-53
-545
-94
81
82
-25
233
-251
54
-218
-153
238
-298
34
-526
-25
13
-158
-61
-40
277
-27
-42
19
61
128
402
66
-303
-205
239
172
101
-134
-14
219
413
-317
-36
-30
-24
226
-294
304
-16
-103
-7
-140
47
-104
-415
-25
-242
45
-84
280
250
291
-240
-95
175
135
214
16
-305
754
-22
336
-189
50
30
111
-32
36
-582
-221
-107
20
40
-79
-100
365
-218
-446
-115
303
-66
511
-127
8
-105
-25
-399
27
-319
-96
-354
555
-86
30
53
-263
314
-425
95
-593
-38
78
-116
169
-165
372
99
0
-231
-134
227
-5
240
-307
-446
-84
232
-387
-393
-395
-325
80
-311
59
-116
-27
174
280
-144
460
-194
202
159
-195
195
53
-85
-121
130
-50
3
-106
81
-341
-150
-75
133
334
-323
59
-172
38
30
-86
-149
283
-431
-55
-9
5
40
186
-133
241
303
65
68
152
-32
267
348
70
149
-224
102
-22
-78
73
-660
-125
321
-88
-66
213
-44
-32
-81
301
-181
-12
-113
229
-179
190
-281
-130
-149
-276
85
214
39
337
-62
251
-7
399
-35
197
378
103
50
-266
13
163
88
65
258
-526
487
-410
119
363
147
-358
95
-223
-42
87
503
-163
327
-126
-174
-280
-20
221
-292
-9
-259
-253
-9
-26
56
0
150
-275
120
-219
46
-102
407
-545
48
-455
313
-301
-213
-35
39
59
60
386
98
-80
43
-85
193
-18
-260
89
247
88
-174
64
38
-147
11
-14
651
17
296
-258
-159
15
110
-315
60
-140
-116
-124
18
153
-284
151
-317
-96
-129
8
-4
387
-317
288
-26
38
216
300
178
-157
28
-23
-302
117
35
94
-251
-65
328
60
-102
260
-161
103
224
45
133
121
-37
-150
11
230
-418
122
54
-182
16
226
-2
22
153
192
-87
-57
-343
191
-91
14
-44
321
71
100
-71
70
-211
79
4
5
74
-115
32
386
208
-136
80
51
-356
-223
26
-177
-271
-414
-204
-102
-6
71
254
305
-235
-64
-44
182
-281
433
391
13
133
69
119
14
63
21
46
149
214
154
-63
1
253
-65
-105
95
-1
-54
-246
-29
-36
-211
-34
341
-455
15
-345
-82
113
248
-70
142
-144
305
-211
100
148
-150
-13
-394
-87
-180
37
57
328
-440
-169
-319
17
282
-55
-303
-106
89
-158
-96
38
-114
-110
78
-116
164
111
260
-37
-284
-30
40
-254
-97
-21
-393
-39
-143
93
-379
-106
-57
-136
-289
-131
282
450
-391
227
-406
-110
223
189
205
57
58
116
-384
-234
-70
-298
-127
-83
-498
-157
-106
188
-150
-135
528
337
-60
-375
-84
-506
151
247
49
-177
-278
174
123
84
-134
66
46
166
-331
673
-344
-24
-434
-98
-412
169
-218
-143
118
-344
11
107
115
24
60
-12
20
13
-414
445
218
451
81
345
98
80
-220
-218
-528
43
-128
225
-216
-58
67
98
-345
-522
-280
41
-127
38
-39
113
269
49
-222
-262
-69
-32
45
99
-129
200
303
309
-303
140
88
-369
-22
-84
-378
-320
-57
-51
453
-279
-163
179
99
-506
17
-114
95
-357
-161
26
304
294
-70
-83
320
-163
-72
-45
-178
320
302
-126
-309
6
-379
118
-58
235
-171
-11
112
182
138
2
-81
80
-188
-85
517
86
295
-450
119
-2
-271
-82
-103
96
-45
-196
234
-314
-399
106
-351
4
132
-122
270
-147
166
159
-113
-10
33
-117
148
53
37
52
228
132
51
339
-171
-28
147
-164
-228
-141
433
220
-224
249
-293
141
-162
-24
60
-260
38
259
235
85
304
107
38
-94
-84
166
-24
-89
193
-93
-241
-45
-144
143
382
-138
104
-221
224
-241
411
-377
131
-183
-65
207
-278
-518
261
-298
88
41
540
-333
106
177
80
173
-13
-221
131
112
-46
-205
61
-411
-164
-4
5
257
-86
125
-349
-475
167
143
111
248
44
296
43
-34
103
146
431
-152
-17
143
-112
-363
-63
-325
309
-104
-151
-233
-385
-68
165
14
185
-93
-92
94
-42
-81
-180
-156
-271
-325
-69
147
187
-240
64
329
326
69
-41
35
-216
168
152
-137
429
40
-67
-243
26
-177
232
-124
305
-83
-102
-185
-99
-64
-116
-236
-235
-25
-78
-131
-246
223
-129
-152
444
126
-85
134
204
-180
25
-172
-69
-151
63
-261
-214
399
61
120
-157
-198
-218
-172
8
29
-346
-231
-307
149
-169
-375
220
162
283
-428
-400
265
50
-492
51
328
199
56
-20
91
20
-28
-73
141
-40
-400
285
133
329
143
240
-68
-261
-482
-50
205
14
-1
185
-109
-120
-287
-309
-6
-581
300
21
-417
-372
334
149
528
-47
105
-586
-352
161
356
180
-68
263
-501
38
49
-342
-132
44
-212
260
291
-17
78
-91
-394
43
-245
-95
134
98
31
231
0
214
236
506
-20
-284
-180
-115
50
-166
-33
63
261
41
43
-293
-65
-28
-53
123
-85
-252
294
385
179
-254
-167
58
-276
-276
47
58
115
-213
-129
29
352
226
123
394
-384
-143
-347
-330
14
165
-56
596
-314
302
-148
-13
-240
-328
152
44
5
72
-1
58
-452
-135
-193
131
218
281
-7
79
335
199
91
-139
-7
-163
193
-27
52
-352
616
-109
105
3
-70
52
69
31
-212
2
9
-120
-320
-93
11
7
363
80
137
-100
-130
-205
63
479
11
-415
-180
-353
-259
221
84
-286
-117
250
-142
144
358
-9
-189
307
21
-92
-36
-113
-85
-287
299
283
99
182
-78
60
-58
186
-139
156
137
360
214
303
366
94
-145
-77
3
-290
-238
202
-224
88
138
148
-359
61
53
22
95
-123
-177
290
81
-179
453
-106
91
-144
387
-175
-364
-61
91
228
-238
215
15
-158
-140
87
81
-275
-416
-246
190
86
-100
-437
-134
-268
7
225
-8
131
93
-81
-151
-1
-1
-124
-73
-67
336
203
32
95
332
284
-9
307
72
-201
-153
-160
-664
-109
3
-44
-133
435
286
-238
141
144
-100
167
106
-16
194
-161
-325
-216
59
-22
132
277
-37
-318
-146
26
269
-286
8
-5
404
-280
-413
85
-125
171
56
173
-338
-142
60
194
40
-345
-12
22
77
487
171
-227
-28
51
-470
84
-146
84
38
-220
-34
-228
167
-94
-47
152
23
-215
254
57
153
-43
121
-157
-236
294
37
38
330
112
-209
-25
176
-213
-395
30
83
-98
142
23
302
-408
-47
4
-189
187
-78
464
333
76
-130
-75
-346
125
-386
28
69
121
439
-219
106
47
-73
46
-283
205
10
78
51
114
183
-216
-110
225
613
-246
-221
51
-304
132
359
-210
183
-422
45
132
120
-195
348
114
333
197
19
74
-31
-252
-492
-77
324
-119
-317
296
7
259
-1
398
278
-233
54
-65
-94
145
62
84
-243
-20
77
171
-49
-246
-217
127
-299
201
21
167
197
86
-185
62
-39
-139
-347
20
-250
-60
-252
-146
-29
-313
4
-176
114
22
309
38
61
-131
185
-74
-36
84
-256
-132
53
176
-515
-155
145
82
438
84
-170
202
90
120
-153
171
-237
189
243
-220
20
559
11
84
186
-285
-266
137
-52
126
101
-289
16
221
42
-102
328
7
153
68
225
-35
63
142
-313
-20
-405
-133
-247
-35
52
-214
67
157
-60
164
112
212
52
68
338
346
-336
-240
-153
-183
-237
-104
-76
30
-24
-165
-150
-105
167
124
-17
271
236
-216
16
-6
41
17
-168
-231
73
344
67
153
-203
-69
-209
-143
70
-410
89
-118
-90
113
232
371
461
-185
-531
-111
8
29
108
-250
22
-36
-153
161
113
-408
-263
313
137
24
290
93
69
155
-279
-20
373
140
55
20
178
-133
-62
60
125
-138
-473
-221
-83
-472
64
-374
13
-218
309
191
204
118
-53
6
-32
-232
43
5
188
300
89
-288
408
-15
109
7
-11
-369
53
-473
126
-139
122
-62
58
-57
163
-118
219
80
-36
284
-10
209
-86
-201
-366
245
160
80
284
-55
-144
54
6
54
-411
-112
323
254
-254
392
-205
-172
278
-103
47
270
294
-102
167
-223
-115
41
-168
-20
177
-266
55
-296
-196
-106
-23
110
324
138
200
-366
-232
-151
-20
498
102
207
102
195
-101
-103
220
-248
-57
-302
67
466
-40
-46
-524
-77
-316
112
385
-292
188
21
-133
-339
86
-246
191
326
207
75
44
-37
101
-224
-94
-112
265
366
26
-472
42
-108
-268
-44
534
325
-39
18
-31
152
-294
-231
-282
331
-472
-1
-34
211
36
-256
-343
152
33
-55
-174
91
-127
-19
-10
219
132
3
-150
-226
174
-14
-300
-56
270
-339
70
-27
221
138
172
48
-162
-162
-18
-94
-97
121
129
25
222
-342
-241
-53
-52
136
-208
58
-256
-308
-59
177
50
282
-227
232
112
-278
36
-349
-150
-346
-124
205
357
54
50
445
-11
-298
-90
-45
-254
182
-60
-255
235
-14
293
-18
-152
-466
128
-65
79
-79
71
-175
-63
162
218
-74
26
-71
-135
139
-394
-83
214
58
-15
162
512
41
225
-29
196
-296
56
-92
16
278
-237
-285
-24
117
-263
-120
270
196
-97
370
-163
-110
-564
273
3
-135
127
137
143
-120
80
177
-64
-47
-216
-125
125
137
67
-643
-297
286
73
-383
-1
165
275
-367
206
207
293
221
340
15
103
-409
-66
47
230
-46
91
-132
128
-131
-7
92
-180
-358
104
83
-261
125
28
-21
-110
-133
-43
263
84
492
-185
71
253
-28
-44
-388
121
226
-232
-103
-539
-55
-47
-132
60
431
-381
159
-133
-17
146
-15
-40
-118
-104
-9
126
-55
-426
-18
225
-78
-108
-109
126
-52
-331
-182
166
-4
57
41
153
354
-158
308
-429
-251
-24
4
-108
-50
112
219
-36
241
-241
-89
201
58
-163
159
-84
-34
-251
-192
319
-365
-207
117
-415
-88
107
-109
-46
-115
-149
-160
286
525
-157
449
97
-264
-208
-169
-328
-518
-60
-48
-189
-184
30
169
-142
155
86
-31
-227
276
40
-43
-56
111
156
-20
-19
-125
-16
52
200
97
49
143
157
264
-161
-218
254
218
276
164
-167
109
266
101
448
107
239
253
-14
111
163
-140
105
-113
61
62
-74
-132
-212
-226
99
-298
196
-283
-366
-86
-250
106
335
-230
149
-128
353
223
-180
83
-57
44
-245
102
-19
-133
285
-11
140
-50
542
56
421
-253
119
-277
166
27
232
126
-181
28
37
56
-295
-60
146
38
0
-7
132
-243
-190
-232
171
-235
373
123
-160
-150
-235
-54
-122
64
-57
-244
-294
317
-260
80
-452
-137
-509
170
100
137
-55
-225
-25
-38
115
90
16
39
-103
217
-22
340
93
225
273
78
81
41
-40
-116
-161
112
220
310
171
62
-91
-316
219
-293
-132
-422
-107
-309
126
358
-437
-595
-52
158
-43
62
80
61
446
192
-125
-165
73
181
-13
183
-278
-21
-37
30
-18
-394
-285
-257
201
-204
-280
110
-89
-435
-82
242
-281
-184
-305
226
3
82
125
-217
145
-291
-86
-198
-5
357
422
135
-199
-214
-91
-173
396
85
114
-322
232
-330
25
-349
88
-122
402
33
-223
-87
-41
203
-144
379
-11
154
-182
260
-154
-364
528
-127
-139
-358
46
92
-129
-119
-194
-219
231
22
41
314
-49
118
185
61
-229
77
-70
-273
-104
50
-176
-127
-8
324
-99
122
21
-197
75
169
-11
-141
166
356
275
176
77
-9
-172
-69
124
-297
-31
-170
150
393
-132
-99
-343
-24
-96
241
-41
199
-153
-360
-89
62
176
-21
107
-35
-375
100
-36
172
28
-159
139
-215
-11
-131
36
231
-105
-172
201
374
-283
39
80
-202
206
216
-67
-419
426
-235
-58
-51
20
11
-293
-33
77
190
122
104
222
-63
-228
-335
517
-207
-166
74
-293
-33
-253
146
316
401
41
-52
-75
-52
-91
61
-197
69
-224
-194
-186
-87
-320
17
427
-308
493
11
3
-228
48
-74
-104
-247
-272
75
98
-85
95
280
-149
201
28
-334
-160
139
-154
-264
326
-272
78
147
142
90
-186
-227
-51
-25
-55
140
-259
1
-380
90
4
205
-218
-137
46
167
-146
147
35
359
97
-28
182
252
68
212
-342
-335
358
-170
138
170
81
165
97
89
-38
376
236
-115
-231
115
-6
232
315
126
-95
61
-135
-199
-168
-378
-193
-429
123
-77
-162
41
-163
74
-188
184
175
-140
-9
-110
96
-200
-264
-55
73
165
99
396
-32
337
-153
-277
-649
-225
-4
-79
204
306
161
-24
-330
-68
-59
99
44
176
-204
-174
-5
75
-315
444
-235
-52
-158
80
63
-20
73
258
-76
228
-20
-173
139
72
93
-23
449
212
-7
-99
16
256
-41
213
-37
19
-59
96
-189
3
-371
379
-177
60
69
195
4
233
-387
194
442
-192
-149
245
298
260
267
263
233
76
53
-124
156
-249
-201
112
-91
209
128
67
41
295
-398
39
117
-55
-287
-9
98
166
-246
94
170
-445
-360
-55
-27
-372
73
-269
-86
140
-169
-538
-99
-78
-274
-161
221
371
120
239
-31
-13
166
-273
-264
-16
-54
338
45
-15
298
223
-135
234
-41
18
-25
149
-210
83
258
-188
-309
-309
42
270
142
97
-266
9
-282
-48
145
31
-510
-159
342
-331
-341
-237
-208
174
6
387
-135
89
106
141
237
28
216
480
92
-46
-84
314
-383
-97
258
22
-241
252
156
-487
-277
-103
280
5
69
294
64
-342
96
109
224
-262
-118
482
388
51
75
216
-190
225
-411
-20
-346
-257
251
-182
-54
182
-513
-43
-89
24
-49
178
-52
218
148
328
77
-205
-16
451
96
89
58
-78
389
-166
-207
482
203
-215
2
-138
240
-17
-214
-106
-235
138
83
21
-345
5
216
-117
188
81
-81
176
-162
-83
99
-49
69
-79
-281
213
6
24
-302
-435
41
104
-153
7
-649
-6
214
-85
-146
-20
283
-256
202
64
110
60
323
-262
-304
-4
26
-147
12
-261
128
199
-197
249
56
-157
-257
-34
-400
23
261
168
105
-157
-14
-175
164
-276
-293
66
307
-112
77
84
327
123
216
-237
14
15
78
-211
-150
-104
-278
-112
-273
-74
-137
-251
-25
171
-84
65
152
-10
59
86
-238
166
28
295
264
134
-302
-279
-164
-93
-34
-151
337
-7
-143
-94
-196
-515
86
-569
100
83
-264
101
407
-34
-192
-88
355
-64
152
0
79
337
16
-145
141
-216
186
7
-15
-328
28
-93
-135
-110
-8
30
608
-135
145
536
-208
-196
300
-113
59
-24
185
-7
-256
-433
51
-120
-166
77
108
-167
-59
-42
170
190
-20
-34
-5
-67
-356
-55
-210
-67
-153
108
-217
-151
117
-148
125
115
-84
-104
61
115
-39
350
60
-180
335
155
88
-128
347
256
233
266
-205
-463
145
277
439
-20
110
-273
-168
60
-37
-151
-172
-402
249
-305
44
-399
144
459
-74
-465
-533
-268
-61
345
487
156
-93
39
100
-18
-124
288
86
-23
186
-251
266
77
-2
-5
-558
159
248
285
184
82
259
-4
-34
358
233
-164
-144
-229
-49
-163
-235
-47
-208
239
-215
31
381
78
5
-172
-173
-37
-139
-197
-109
-55
100
259
-31
-79
-114
-171
-15
487
178
24
63
23
185
310
-340
96
-510
111
-226
-34
-69
115
131
68
-310
-175
-224
127
-141
-202
-161
-190
239
17
-130
-502
0
41
-206
135
-105
-444
-63
87
133
-135
490
166
-301
524
-72
40
109
-345
57
287
232
109
-305
163
108
-71
-107
218
-339
-124
-54
-146
-454
-73
-424
126
-553
-209
292
-186
268
-366
-127
-38
-392
361
-490
383
64
-316
-78
293
222
2
153
141
-43
-222
-99
329
91
-123
-254
-100
-231
61
-16
-215
-78
-246
369
-352
-133
520
214
-290
-332
-365
26
14
0
18
-92
50
448
195
48
-372
54
-48
96
84
189
81
-555
198
-48
25
-10
-170
35
309
-201
59
471
119
-365
-190
274
-178
188
-28
-404
163
-312
426
111
48
307
-156
-21
-226
-423
119
415
-71
165
-55
27
117
5
-136
-121
-31
48
-6
64
447
574
-43
-522
-168
-193
-78
148
254
291
339
-284
-163
-63
-211
314
-196
273
281
256
176
-413
197
512
-114
69
-65
254
-49
-102
-292
-155
-460
-169
-162
233
43
43
-175
277
-27
283
67
343
352
375
236
179
-270
-38
-230
11
116
-156
-105
-26
-47
309
-19
225
48
338
139
-142
-411
-174
172
-114
74
128
-179
-56
-300
-22
493
226
-167
21
-121
136
-309
-102
116
-62
326
268
-21
-220
-61
90
8
206
-276
110
-1
-39
280
-86
-154
-233
126
10
267
219
-142
-287
71
-265
124
-239
137
90
-316
-69
-77
31
491
17
130
-100
37
454
-77
60
-134
-52
78
-81
180
-187
46
-372
-103
103
352
-196
466
276
-70
106
51
-60
-290
-85
248
-417
108
134
41
302
-201
-171
-183
180
50
-53
275
-387
-162
254
-145
257
117
165
-162
-145
-52
-134
-207
-70
-89
-108
-467
428
117
34
38
-72
38
-234
-165
-312
240
339
-292
-214
80
238
-48
-63
-286
259
-90
137
258
165
-85
38
-32
245
192
208
123
-106
121
-80
73
-38
-168
51
155
-173
-166
-184
179
-17
-53
-332
304
-12
-11
138
-102
-215
-161
-18
-9
-322
152
-3
16
-31
-89
116
490
136
113
164
-119
247
-59
217
99
48
-108
-10
-19
244
130
35
381
-14
-91
306
-121
-74
131
31
298
-14
-321
-94
234
-82
-73
9
-416
-153
-215
107
164
-198
-88
-259
-243
-35
-51
-182
3
126
72
117
176
63
-49
196
208
39
-142
-401
-88
-163
-40
-385
-4
85
175
86
130
389
177
-210
221
-199
329
233
198
-87
-249
-230
214
-102
89
-362
60
177
76
43
266
-187
129
-177
15
98
-44
19
70
-68
-132
10
3
103
153
65
72
44
-203
-58
183
-57
-57
-138
125
197
-171
-197
182
-20
506
-234
-82
203
26
79
77
-10
59
169
-4
-140
71
131
363
122
77
208
112
-92
-130
-98
151
26
62
29
259
196
-259
260
-118
183
-289
135
-374
-67
-379
-184
52
11
270
234
-130
-197
20
-59
-100
-190
132
369
-269
-231
490
266
-47
-300
44
-47
16
393
-254
-25
-210
-460
-80
129
149
12
19
-210
-91
16
-218
-18
-253
144
326
18
54
86
-798
49
490
75
-66
-129
56
-48
40
216
199
-127
-91
271
89
-242
239
-309
-24
192
-60
-46
-35
201
-150
-95
32
14
-219
11
-68
-356
43
-4
295
117
44
104
79
161
170
52
31
199
222
135
-131
293
-179
55
374
138
-221
-160
-236
-335
64
17
-159
-67
26
158
-120
-22
-31
365
105
47
-233
-121
-304
355
204
-143
100
-7
-438
-30
68
-63
28
-133
199
56
89
147
-50
3
134
282
145
21
5
-38
458
232
226
285
-210
-137
69
15
-136
-56
-160
364
-368
-43
421
-64
-222
279
-152
410
35
-19
-299
329
8
-196
-72
-234
-26
115
-393
-131
59
156
394
291
27
-6
-206
176
243
-60
-219
221
247
477
-1
-284
339
125
64
23
57
41
198
183
239
-6
-45
104
344
-173
-131
-265
-69
215
-276
-142
-94
308
-153
264
-325
132
205
27
317
237
25
101
-185
-10
34
-533
27
146
290
178
430
237
261
-327
18
5
-150
393
113
51
158
542
-123
181
-227
-100
-274
-106
-218
-293
-83
101
-67
327
-389
-445
-62
184
-244
331
-56
-126
-377
89
321
260
-332
160
346
-27
198
-89
198
-80
-3
499
24
201
-126
-176
339
-166
-152
-102
-27
-179
-52
-50
-88
-59
366
-198
231
-261
279
6
-278
-138
-200
271
128
24
99
236
-224
175
-153
-88
205
-382
74
-192
6
152
9
-218
-318
9
123
91
-176
181
27
398
-277
-84
339
-85
-51
-96
-309
-13
62
25
-239
22
118
-145
181
-93
75
-225
107
-42
-66
199
172
-81
100
312
-174
5
-206
404
300
-206
-335
194
51
52
34
-116
23
-24
142
-34
-143
203
312
12
97
-368
-311
462
-96
-149
-23
415
-366
239
-22
-99
-177
-317
211
-207
370
94
-207
-66
118
-261
-8
301
-184
-23
-27
216
-39
-164
-191
-82
56
32
1
-522
8
-24
-219
70
108
577
-94
-296
142
-109
-132
148
153
720
151
267
-330
99
9
225
322
14
159
208
-436
10
-56
152
218
102
-81
44
118
-240
-48
179
696
88
-27
-246
-241
-158
-252
-121
-289
299
111
-40
-130
164
-99
-355
463
-246
-255
120
-1
-74
-82
247
63
-249
0
153
57
-58
-100
26
-103
-526
-56
264
25
82
18
-110
112
72
615
-344
-4
-250
-146
-76
-457
-118
165
127
-37
-53
67
-285
-15
-41
307
282
-27
23
161
-79
71
-212
142
-147
218
-175
-63
127
-63
-100
286
-202
-64
-221
-301
-268
-42
399
-128
-5
-48
-88
216
49
252
-226
-32
222
79
51
52
-263
-86
-214
-147
479
13
-41
-9
36
198
248
-275
-208
229
-66
246
161
-121
141
170
0
-445
-149
64
-164
-319
-118
157
48
99
313
-218
6
-216
148
197
250
55
82
66
80
32
-215
175
-90
298
205
-251
-47
10
-13
-249
-122
-44
412
39
37
-275
179
64
66
72
-89
-23
405
-263
-90
-3
-49
247
-109
155
-220
-311
-10
95
139
255
-60
-281
232
373
283
-84
114
-33
-100
290
163
-278
244
-85
148
-180
204
182
-170
-195
300
44
-81
-75
-289
-291
-300
-318
67
131
3
-29
27
-35
102
47
-8
-143
-184
-232
93
46
-81
-45
-62
-19
-281
31
-192
61
-354
270
-70
37
-174
126
-144
-107
-319
94
-16
11
145
-162
51
-259
-92
-261
-303
-14
258
310
-221
-320
139
-72
-112
-239
351
-275
21
59
290
-148
36
-149
-44
79
324
-147
158
-196
302
-241
-121
230
-369
223
198
-12
343
-296
83
-509
-168
-356
-11
-294
415
-45
-24
-255
161
153
-245
363
46
-187
-103
-137
91
111
-360
-272
155
-12
311
-68
-153
-4
-39
-222
-328
8
-77
27
-40
-40
252
461
-206
12
105
-240
97
149
-100
58
296
-38
280
251
482
602
-22
205
-221
5
42
-37
-227
234
-337
75
31
28
150
-46
-181
68
420
102
-116
-221
49
252
201
9
-143
-149
239
-36
267
69
486
168
-52
3
199
-267
9
10
-276
4
28
356
-95
243
-321
-395
107
208
81
-24
-123
227
156
365
66
-134
-348
205
69
-220
88
145
257
2
-342
177
184
191
-245
46
-265
-225
-197
-71
-51
-203
132
185
-408
207
-106
394
-340
-227
-105
253
23
98
-340
114
-112
232
195
26
-195
218
-47
17
12
72
-30
-25
-128
-282
-212
77
-21
-335
-196
-39
145
-190
-342
-168
151
-121
-260
-385
25
106
142
-80
-250
209
384
-590
135
124
175
-25
207
49
-106
-352
10
-90
67
127
80
-49
-35
242
-136
-31
162
-344
-1
42
323
235
64
-202
-441
211
-169
-407
299
-40
552
-125
-130
-215
201
-402
44
-128
104
37
75
195
-224
-406
45
304
-61
42
-77
305
-93
-144
-79
92
-728
176
-342
13
139
-363
-156
294
-47
11
11
-184
-197
54
-305
-281
-65
425
669
-502
126
-289
264
137
-97
-42
88
78
150
-123
-417
22
63
-84
221
131
239
334
-139
243
83
262
336
-87
-480
540
-319
-182
-232
-117
15
-171
24
-365
-120
-278
282
-341
-237
-115
-50
1
-422
42
44
-308
3
62
-59
58
-105
-445
-199
-94
-399
157
-415
34
-67
-532
-115
-64
262
116
-272
0
57
64
319
195
-281
-40
118
316
250
22
37
-120
228
-389
-416
-175
125
-341
81
114
-69
-138
-218
-177
201
-75
374
238
77
-359
413
-95
13
-2
-30
-131
-227
-74
-488
19
100
190
48
296
-138
-276
120
-51
185
252
263
120
69
-65
292
0
73
6
319
177
283
7
-24
199
-94
402
-196
-119
65
124
117
-16
-381
478
74
-101
-14
270
-133
22
-188
-22
-19
-134
-135
-95
-148
171
-18
58
-354
-246
-144
277
-166
83
-7
-211
128
-125
244
117
-311
22
242
395
-84
-534
-261
190
-208
-30
-395
-161
91
-44
-39
-76
120
116
-111
239
291
264
314
29
46
-86
-100
139
37
-144
270
-117
115
-276
21
72
-270
-54
211
35
540
52
290
-305
-94
2
-141
164
-1
-12
26
21
-336
-404
-97
-60
108
-376
467
-185
180
-519
-180
329
-117
-60
382
388
149
-289
-253
-125
-244
57
361
-108
110
61
133
-314
63
91
404
528
-29
-90
23
-474
-299
188
128
95
-173
279
-183
-13
-143
-449
199
120
-129
-205
-135
417
-93
89
-181
-28
164
50
-55
-64
124
-149
-558
86
-95
64
58
-65
-243
-191
-106
-191
137
-434
159
-667
344
209
209
275
57
-16
154
415
29
433
-73
293
-84
-19
90
-305
238
-119
-30
-204
149
-211
-44
-111
159
-37
246
-115
-207
68
-62
136
47
-65
-106
9
-31
94
-565
124
0
-89
268
91
159
-28
-335
-103
733
-247
-231
-4
17
346
222
-226
-101
-42
-259
-16
-65
-15
