0.00730529 0 0.00730529
1.94132e-06 1 0.999998
1.14693e-06 0 1.14693e-06
0.0719918 0 0.0719918
0.0011194 0 0.0011194
0.069924 0 0.069924
1.45433e-05 0 1.45433e-05
0.0222696 0 0.0222696
0.000273605 0 0.000273605
0.000872292 0 0.000872292
0.00973885 0 0.00973885
5.96829e-07 1 0.999999
3.92009e-06 1 0.999996
2.08958e-05 0 2.08958e-05
1.67738e-05 0 1.67738e-05
2.00411e-07 0 2.00411e-07
9.26406e-08 0 9.26406e-08
0.0206952 0 0.0206952
0.0223146 0 0.0223146
4.18263e-06 1 0.999996
0.00360339 0 0.00360339
1.20892e-06 0 1.20892e-06
0.000715623 0 0.000715623
4.41962e-07 1 1
0.00327641 0 0.00327641
0.0291912 0 0.0291912
0.0150376 0 0.0150376
0.0248785 0 0.0248785
5.75788e-07 1 0.999999
6.89989e-06 0 6.89989e-06
6.69214e-06 0 6.69214e-06
2.28382e-05 0 2.28382e-05
5.35579e-07 1 0.999999
1.47177e-07 0 1.47177e-07
4.07831e-07 1 1
1.02352e-07 0 1.02352e-07
0.102926 0 0.102926
0.000622594 0 0.000622594
3.09817e-05 0 3.09817e-05
0.0290477 0 0.0290477
3.87051e-08 1 1
2.10832e-06 1 0.999998
7.74244e-06 0 7.74244e-06
0.0175477 0 0.0175477
2.58108e-06 1 0.999997
0.00262764 0 0.00262764
6.06621e-06 0 6.06621e-06
0.00114646 0 0.00114646
4.81422e-08 1 1
3.43362e-05 0 3.43362e-05
0.00838562 0 0.00838562
1.18244e-05 0 1.18244e-05
6.63725e-07 0 6.63725e-07
0.000402833 0 0.000402833
1.71576e-06 0 1.71576e-06
0.0191302 0 0.0191302
1.12037e-05 0 1.12037e-05
0.00494307 0 0.00494307
0.000524378 0 0.000524378
0.000307973 0 0.000307973
0.0104216 0 0.0104216
3.88616e-08 1 1
2.80993e-05 0 2.80993e-05
3.36478e-05 0 3.36478e-05
0.00014304 0 0.00014304
0.0107842 0 0.0107842
1.55548e-07 0 1.55548e-07
3.34052e-08 1 1
5.2569e-05 0 5.2569e-05
0.0356429 0 0.0356429
0.000650172 0 0.000650172
0.0840221 0 0.0840221
0.02926 0 0.02926
5.20443e-08 1 1
1.67836e-06 0 1.67836e-06
0.00428679 0 0.00428679
0.000198409 0 0.000198409
2.10401e-05 0 2.10401e-05
8.34626e-05 0 8.34626e-05
0.00165126 0 0.00165126
0.00515596 0 0.00515596
0.000184736 0 0.000184736
0.00527044 0 0.00527044
0.000351332 0 0.000351332
0.00978642 0 0.00978642
0.0128214 0 0.0128214
0.000457497 0 0.000457497
0.0100284 0 0.0100284
1.54224e-06 0 1.54224e-06
2.69745e-05 0 2.69745e-05
2.33387e-05 0 2.33387e-05
1.35683e-06 0 1.35683e-06
0.00248447 0 0.00248447
1.98491e-05 0 1.98491e-05
3.31535e-08 1 1
0.00126119 0 0.00126119
6.26862e-06 0 6.26862e-06
0.0533953 0 0.0533953
0.000264127 0 0.000264127
1.57399e-06 0 1.57399e-06
0.00588944 0 0.00588944
1.40381e-07 0 1.40381e-07
9.68641e-06 0 9.68641e-06
2.15258e-05 0 2.15258e-05
0.00024449 0 0.00024449
0.000893956 0 0.000893956
0.00251927 0 0.00251927
0.00883987 0 0.00883987
3.27615e-08 1 1
2.99542e-06 1 0.999997
0.00424078 0 0.00424078
0.00060072 0 0.00060072
0.00227918 0 0.00227918
3.43945e-08 1 1
0.017056 0 0.017056
3.74276e-08 1 1
0.000397712 0 0.000397712
1.99136e-05 0 1.99136e-05
0.0615559 0 0.0615559
1.22772e-07 0 1.22772e-07
9.15735e-08 0 9.15735e-08
0.0493188 0 0.0493188
0.0136984 0 0.0136984
0.000156314 0 0.000156314
0.0545307 0 0.0545307
0.00363738 0 0.00363738
0.0041708 0 0.0041708
5.86528e-05 0 5.86528e-05
0.164062
1.95444e+06