2.0505501803277175e-06
2.5546834963454067e-55
4.127607854994956e-59
1.2393325712622461e-34
5.993623747890197e-08
1.3838957374894043e-87
9.34558370707557e-71
1.424014175362506e-42
3.856074740359809e-82
4.50459185499817e-19
1.8552140540936843e-19
2.5319774753573553e-56
1.487086886115151e-59
1.626469129078361e-95
2.4652814870342192e-49
5.129474120964347e-29
2.842899240905603e-13
1.1635124349062864e-89
2.0594341128270742e-25
1.8201034380510983e-09
3.2975734068521225e-36
8.304770946645934e-72
1.3100181836000569e-48
1.274029876891122e-12
4.8882072176394165e-08
4.6619364179099654e-64
2.9741065513203344e-43
2.3883476012613706e-30
4.864948190844425e-76
3.2206047967353588e-52
1.708504860384359e-108
2.8020734077642456e-22
2.3254487802609653e-54
1.571653377523822e-95
5.85247559927695e-22
1.4995415863571952e-37
4.4787550377385965e-65
2.680353975375735e-89
4.2560732389345686e-38
2.7199847387803022e-70
6.0650598083114955e-24
1.1873951571465506e-93
1.3378993896000131e-33
1.6104237997212057e-37
1.3095064606299277e-49
6.395190884563875e-13
2.3925926811116812e-94
1.0565182748546392e-101
4.352527020424616e-85
9.038132684731574e-35
3.294250700680114e-34
2.3477132317993147e-62
1.0122113617368961e-60
2.0284115039843545e-08
1.6365469587761592e-66
1.706278949853215e-22
5.367447382892356e-48
0.014953725366589291
1.344789380351655e-96
4.589725024228139e-29
0.0015846070144776802
1.074920249603453e-59
7.416174940903066e-32
2.8244703039446603e-51
6.192832457196604e-44
4.222703671611471e-22
4.153295193055891e-79
4.700986501101762e-99
5.204735382697858e-102
1.5301465996729791e-15
6.959759923977262e-57
3.3854531730479106e-53
1.8359271426554486e-102
1.262814541746096e-99
2.499401366352029e-41
7.583067227846768e-58
1.2951758041762083e-21
7.849677093542925e-106
4.653936398139885e-81
3.7258481495001293e-87
1.9170811393712052e-86
1.1735631802322397e-47
5.774290376629571e-37
7.467092287804126e-17
1.1722463377340741e-16
6.629019954821337e-25
4.01078619849986e-60
0.5981979749308606
0.20490504790970906
2.1540367898204283e-09
4.608764517882188e-81
3.638934856752277e-63
0.0019006238552024058
2.2637455577629084e-38
3.432214124466331e-35
2.4504356852234504e-28
1.24616369726107e-90
1.917782571619079e-80
7.468075163788371e-104
4.935837106209095e-34
5.65475308126464e-43
5.110670535340373e-60
7.25484402300649e-39
0.17845583213014657
1.398451634796529e-15
3.0714058882347127e-108
3.840169123003475e-81
5.484782267470747e-96
6.0022619854238685e-96
4.1273215211875485e-83
2.651881456233738e-103
6.039839629679341e-99
6.70528609745815e-104
7.083438572394476e-77
1.1157860190024069e-91
4.55132254234867e-20
1.3799122304706311e-62
3.0198775142238016e-38
4.428183901564758e-31
1.046488860930166e-39
5.0592663109117914e-17
5.161658928523815e-09
1.0840503775910158e-38
4.852602214851236e-76
9.362357937337314e-71
2.4093030485594884e-12
6.426591680863993e-42
8.718466703205772e-72
