108.48693515699475
-4.119914197707203
-12.850484882180695
43.51101740109803
104.95435302868415
-78.41566299313953
-39.66430012448535
25.2292434389675
-65.87799028890922
79.34031809901325
78.45322089272636
-6.431427022243923
-13.87136381323478
-96.67483477048478
9.659974014958522
56.444373023736205
92.69555575917033
-83.19429230809826
64.74214149487025
101.45996507378999
39.8844610961099
-42.08495895589277
11.330294131181944
94.19550146936405
104.75048244732113
-24.24167747230163
23.66312225343364
53.377386533951835
-51.83007342416147
3.0194819084707945
-126.5592338287936
71.95782517721688
-1.9113444003289999
-96.70911808533023
72.69433028239189
36.793848588693976
-26.58434835299883
-82.35978683313638
35.534451003682506
-38.59599266286489
68.12483974888099
-92.38431410696728
45.89013027262513
36.86518651038702
9.02731833907555
93.50627765186408
-93.98628358249024
-110.92177795976212
-72.66463872666023
43.19531191402092
44.48862315251225
-20.322496426919656
-16.558630597944813
103.87090980959644
-29.893690051252264
71.46178047805381
12.740605561269433
117.38154275538159
-99.16759394400219
56.33318999504371
115.13691873438086
-14.19593643706773
49.90527801900245
5.190818678461426
22.093986053443473
72.36794113467613
-58.89598272776425
-104.82381424869902
-111.6297730465084
87.47092472985193
-7.7228677434219435
0.766815422711403
-112.6717922994626
-106.13824363612807
28.094400014154218
-9.93968005120621
73.48869706635182
-120.42920988383241
-63.38734155662593
-77.42527099625849
-75.78717663092758
13.522882780449436
38.142104506740964
84.4508966676691
84.90189794411276
65.91116722580327
-15.181780720896455
121.07050405910562
119.99912898909528
101.62841539857868
-63.3970951347184
-22.186832264401005
115.31876447530894
34.90312481127296
42.227064892635354
58.00822081278548
-85.42825100234037
-61.97130025435354
-115.87387480380173
44.892966700256466
24.305675023248995
-14.939437386643903
33.76518833726493
119.86092342974135
87.38092683169205
-125.97271706536313
-63.5795385472704
-97.76185395331481
-97.67169495450673
-68.1125964868439
-114.6066576296545
-104.5732091690252
-115.98161590911832
-53.75695511950167
-87.84134677895983
77.04805357666274
-20.853918292423913
35.19132031575518
51.692189239855935
31.828959569129836
84.06161247121256
102.50232976582234
34.166808419124976
-51.83261439017048
-39.662506850262474
94.83265397544969
26.736208003949628
-42.03634573273115
