-0.1278418931075163
2.294041217875745
0.7710965092782942
-0.9497690434855277
-0.8500447250404077
0.05658672612621767
-0.03641520493785656
-0.2770634010403045
0.7589466611668961
-1.183878245619956
-1.4096297988634583
0.3307931381352839
-0.10708043304198098
0.864132604577194
-0.6199523679780007
0.13452660069396052
-0.30184641815903085
-1.0464710893950322
1.4827002030722882
-0.7185600480349205
1.7571681065379796
-0.9831865733236329
-0.44803272401026173
-0.3495038264714177
1.1721831418600712
-0.6203796438481174
-1.1680258070032534
-1.2125008142232134
1.7721974421784266
-1.9116568166251766
0.6660720377951519
1.1353113079839
-0.03117934498736598
-0.2635187332391412
-0.4670131845451208
0.6437536027214238
0.7752489244284528
-2.0588142509571017
1.390016305917775
-0.01473778134836967
-0.713098519918109
0.41090239698697634
1.4016333238151355
-1.7565249475628129
0.2132362385960883
0.1381948686180143
-0.3806584563263324
0.23324591470423536
1.2789281180894245
0.1227070479148106
-1.6754312696539948
0.6622333626307991
-2.135617128877592
0.7770644538315371
-0.5835666860907414
0.6046802773246356
0.9051282061900466
-0.5467315900506571
-0.23917726757431892
-2.445319263798144
0.5646041609051715
-1.1605893603026853
1.1217980803660628
0.4696094029395805
0.9231755221149877
-0.5882911086781071
1.377114961895931
0.007421265144526995
1.3290784148879942
-0.9428013106542678
1.152821744231218
1.007968742168546
-0.799137708720667
0.903323078786858
-1.2675748145053407
-0.03081507399542705
1.4861675195288306
-0.8796744831777783
1.9455601133791358
-1.1898610306401805
1.140503207354304
-1.4011045103790498
1.8863886083231505
-0.22337237237627797
-0.1662248729326298
0.9556053722969807
-0.38459124528513283
-0.618980908436164
-0.23842079184495896
0.010982326686294381
0.03568058073537
0.46529843917545916
-0.6079000008126965
-1.17180952886948
-1.6787274576090467
-0.46107723435663966
-0.5458073042361973
0.0486003531380897
-0.46279331423114806
-0.009907083998374632
-0.1279205602517906
0.44087484225683865
-0.8117139101253358
-0.1470698137048472
2.4411722578258566
0.9336133678132243
1.3448934205945542
1.4923404969869636
0.18343432011470207
-1.5288776148445278
1.9077994409235368
0.9702921588897819
-0.23259084372674227
1.9800127258221403
-0.6998453002539239
-0.4666777482452957
-1.128712196352882
0.24363650819776478
0.6551615988472745
1.1913738780757508
2.849103740667887
1.9572487207269418
0.9652259623786349
1.1265307618334182
0.2693995991432993
-0.8874067018770841
-0.46378746740084453
-1.169242050655864
0.2851890181540222
0.4741047348951557
-0.9667290198300542
-0.20961503252707553
-1.225839169759592
1.6954274929734914
-2.167967435156063
-1.5719247981142928
-0.29835390619754004
3.5042495042499264
1.9823919422599674
0.918952295450397
-0.8773680163125458
0.22724657728111208
-1.4162288002018557
1.386632253304849
1.588225854480334
0.4815219922554896
-0.5882959645564941
-1.097472890454715
-2.1206373665675353
-0.011440219505159815
-0.3562297640276375
0.5013559017080463
0.585665358489077
-0.4990050925296159
-0.46784698141187514
0.28397174183130736
0.8587735113080737
0.37514504814978306
-0.10540955127205745
1.003344292604664
-0.04099341523245314
-0.15101136763621537
-0.4538634127614737
-0.10689675964485616
-0.08724653234567172
0.10421453679825567
1.3247332588643173
-0.5575108242200179
0.5890180482541454
-1.3008667228552495
-0.837084421303647
1.375296138331652
0.44406146751327885
-0.45219857152254683
1.3699156256527631
0.8219979906251915
-0.2880950213450911
-0.13001194092726082
-1.549225251693753
0.6843806187977494
-0.6461445295344175
1.582235945044847
0.359589517801033
-0.30675241790753377
-0.2516889888166236
-0.3501685525897462
-0.3581635152542493
-3.5443009957406497
0.49495238048717827
0.32768765719358944
-2.190512474638708
-1.3772094443088299
0.07089130735225843
-0.9850933838628217
0.7542381639455005
1.6945780694881787
-1.205626997629042
0.2856761264217116
0.6254804872535293
-1.2839998077981263
0.5308857119240711
0.333026494593365
0.1479921327552424
-0.20243250595994566
0.05659262511058631
0.6759376080469712
-0.10605478014863748
1.8756944761759828
-0.1654355262765287
-1.3227569136539985
-0.792998910734147
-0.8404368401324823
0.8481563157556973
1.0154164528756542
-0.9441319179637866
0.5424737695656173
0.793956709969415
0.5883028495319587
0.026801889638826158
-0.21640402268990563
-0.8295602073889566
-0.8465195244733549
-0.47515258781886777
0.4046054925075826
-1.5258229992356038
-0.7314327204314094
0.6618294474218315
-1.8409252106517326
0.4530413899222437
-1.209088890731701
-1.1949353049756226
-1.1158463974733956
-0.8385307895936753
0.33344398347217086
-1.3068703265269155
1.2343160412683634
0.5171189070660546
1.1194866260604064
-0.6287213057620472
1.2204329168129098
0.21081943135940337
-0.8497266126124056
1.822662680197313
1.39208955394918
-0.40982671948763066
-0.8625335294811528
-0.27551180525537367
-0.7438066201438529
1.8514347229859471
0.17096842840761609
-0.9188650954988348
-0.03580384392484546
0.9173147582614805
0.4252332892279104
1.2029275170182183
0.9160073380638657
-0.8594771912897287
-0.5361449966761419
0.05318312428506642
0.37436004701760656
-0.22001422625613845
-0.3139126013865894
-1.6720004442979985
1.0781544543420698
0.8675846344295957
-2.128929955581583
-1.598820787595421
-0.4379297943974571
-0.5224889801886616
0.6491094163396498
0.5921057632525772
-0.790172246309709
-0.23370430830032352
0.6615213956943871
-0.6084692107774504
0.529020957295429
-1.9872095937589545
-3.197363387608773
-0.9894972337390144
0.42627406505145987
-0.06394662796492324
-0.692853091343124
-0.6194013311173192
0.5880717552279784
-2.0512896946422963
-0.49282189388837566
0.037396577953279546
-1.6148030601651793
1.861619189684445
-0.4837782603574901
-1.3943160915276207
1.057844437170975
-0.909714220494389
0.09151628453462465
-1.4231925209402192
-0.6006092955332327
-0.3915304410598833
-0.09767154103767342
-0.20982504844348157
-1.9525623818075521
1.1567481207113453
-1.6836442243162386
1.1512405994951973
0.7842844802413333
0.3066284778499995
1.0241536185974325
0.20074672589143347
-0.37705691333843533
0.8483204836457251
-1.083520402086035
1.4678382410333932
-1.9281343066619567
0.3368260624190962
-0.1898188093369596
-1.075568034634757
-0.6373441626982013
0.11992005948004775
-0.8917946022151051
-0.9804858420002674
2.0683873916657047
-1.585799039111729
-0.8713557185860704
0.13565755646101035
-0.1888555884258753
-0.2472425175516535
1.7350690346723823
0.6732767205979919
-0.5595646562723223
1.4627075555139446
-0.1180994746419673
-0.3567864099891577
-0.29746254077335077
0.7933645481730559
0.18094721220799073
1.0868840548126093
-1.386982248254742
-1.3035694537575258
-0.3635986528189211
-0.774101081271454
-1.0226524712608653
1.4983547204922847
-0.7141375871041709
-0.41632019258604924
-0.40434836719027095
0.8989460038881424
-0.7963093845383598
-1.0853576211404066
0.6679886508924804
-0.7817133602367488
-1.0998551825352527
-0.3867300842333088
0.6049670193950639
0.094247352925465
-1.6612003399339414
1.4178909587621404
2.3993263328579477
-1.9048321944284083
-0.9844772581750013
1.6736713390927251
0.30519896415199227
-1.2704927568367297
1.500730424043587
0.7843078209330109
0.3305100957306075
-2.162544277297652
-0.31833652261930495
0.16557908213456157
0.91790303937881
-0.8076335487619964
-0.8137878031096906
1.0601848052087994
0.7935907698917591
0.8677315254330796
1.4901741520622998
0.4825566926781734
-0.0704550608675528
-0.016668009679337566
-0.6100387636946075
0.8354873252260162
-0.25922443416395313
-0.5391172273552522
-0.2918613435477469
-2.127095325893452
-0.9145198515108274
1.4609957061645233
1.6229971727398977
-0.3939743090408445
-0.01543254611163067
-0.3907176832217486
0.227281159354967
-1.0275621623564806
0.9660949554291597
0.9482389559009696
0.08610162928505931
-0.10101531793951125
0.8550123223905243
0.15479255035688033
-0.029261140746943276
-0.6501390691141998
1.3917673801028643
-1.445065150274968
2.460976900997498
-0.859973813786285
0.7212613447074737
-1.238199578189809
-0.2733533460482001
2.5731721295305956
1.9139909983221985
-1.2027442780389226
-0.4084271078623302
-0.16614805583004172
-0.7083352633891925
-0.33573008991800024
-0.16364111452180866
-1.6743865206458224
-0.036650895735249586
0.2961599107877628
-0.20802700964685444
-2.9016319622784317
0.5920223045743385
0.8581733198453717
-0.5009097086709271
-0.33618752524688
-0.5906577262724862
-0.4717731622956589
-0.6273870280863296
0.8449990869187836
-1.7040727705537446
0.10315410943031787
0.5745300954180185
0.6222995234545479
-0.7223816304828853
1.5293189855487184
0.11940737097167128
-0.6008933205810554
0.4101280863431488
0.8471012527954068
1.3384309681751576
0.8849873375567252
0.15976782227745726
0.9509809988812367
0.015581954955041853
0.09813732903211486
0.077778987574519
-0.9508158540990096
1.1516469192293972
0.20826021030765168
0.03064711789227971
-0.6027931871012178
-1.7804184241030294
-0.46345704522938963
0.7504377828147955
-0.09160177092379881
1.6148912503802924
0.08013038706507551
-0.11942123045560027
1.5013840671945093
0.02592002754410929
-1.5852086989415146
-0.7891217966967672
0.8574903796867761
-0.9471786468302147
1.2625749217464322
0.40991495449689697
-1.3800480557543888
1.4659561712814253
1.0948408975165969
0.40967900278263925
-0.10034579919185291
-0.9046668529354522
0.7359302337555362
0.14804236153679204
0.33053676669494
-0.23742627502037505
-0.14521638368253487
-1.4154494747246122
0.433850217138864
-1.6019001824647425
-0.4699838222488601
-1.1781601947721443
-0.641399174611641
-0.9707610180759788
-0.8852446340367917
-0.1427423443653316
0.6107779655832113
-0.2514912955584837
1.1579859437285
-0.4747911849239213
-0.6573433354906176
0.08081909217645553
-1.1700716267174884
-0.02366216151918884
-1.3716646519304336
-1.2545355625123342
0.6424097126956485
1.6761961593994132
1.4263576147997645
0.735103362741841
-0.4707044037635247
0.671344145692284
-1.8513150898001423
-0.5878794607201305
-0.274975815042723
0.6185188819431712
-0.5928978821245262
0.23574943554121042
-0.5042980103859724
1.2307397917710317
-0.4690214044510691
-1.8498620950942666
-0.3754540709902149
0.7443273171730908
-1.2304215109880199
-0.0665978515148111
0.7469832641117029
0.7761974995511857
-1.2457582852053959
0.23824212212816714
0.3653046517346852
1.235403664243134
0.12432141514225671
0.23459098837018458
-0.2092753970580733
0.18542037882329582
-0.19225652653167777
2.1093952231912385
1.5898113164468857
-0.5624660722457079
0.07290047793424151
2.401290428372848
-1.0668369655120258
-0.7132066037289172
0.8271785219192686
-0.42981296325467505
1.1013225756331944
0.26147289984747013
0.71596198708075
0.48217826456270885
-1.5911008075634236
-0.5871122561858196
0.21400759489043614
-1.3117163891218389
-0.22353671501830902
-0.9635163871433411
0.5416909313556655
0.4273517067453343
-1.7907078316737188
-0.08890409425430267
-0.42849245748336884
-0.8092764253210027
-0.9416072895076952
0.13029732969343724
0.42005065345662707
0.3494289613109675
1.109428794869112
-0.4844288534042476
-0.26281470208085184
-0.5230548625346836
-0.027044992489941504
-0.8026510469565216
1.0278169451758457
-1.2707428659691355
-1.3769594296997976
0.06461826649614892
0.3521535130696724
-0.6234558131807881
0.5104633987925332
-0.6556396802357619
1.5589177732809043
0.06581319808508293
0.10380154752134438
1.0132118339247038
0.40634137729707664
1.722816242747471
0.8693716128796733
0.6860008006801237
0.2950204193386146
1.1450207261723322
-0.009208983427983581
1.7880629524536542
0.6322464137579443
-0.8455231120830616
-0.4177085213732838
-0.36343023392894663
-0.005582018023744748
0.6836334491645968
1.518361901872276
-0.3127520450010017
0.2836137520957476
-0.28760010645882655
-1.3714300308600091
0.04461387258570733
-0.692510538323859
-0.015648307724671115
-0.22200583421741613
0.7354319344320542
0.5528111913356772
0.2597426519024184
-0.20038075328110805
-1.1249626426682942
-0.7478512171106009
-0.31237259530426026
-0.8653131286317417
0.6639640145665848
0.607694191213296
-0.7179752639496074
0.7235099297753089
0.659058570429532
-0.09677264427872745
-0.02728033930880054
0.16568091097750984
0.0035218458479133563
-2.3662841758535023
0.1552189790368639
0.03941819272624437
0.1829894629136876
-2.002127452071731
0.22307997331613835
0.36978110339501
-1.2462459529989856
1.9255431493927906
-0.006509407425328592
-0.9815645248494426
-1.425898394621809
1.2149613462017705
0.7083973692276269
1.1315743630429025
0.1878253196443511
-0.6094422288099537
-1.925685244716619
-0.2893916806907344
0.027679071195159825
-1.241191077021237
1.2990397644409013
-0.8065148416078318
0.2789121893224295
1.518887916083953
-2.5600067313754273
0.8841550569899502
-0.20059269226915827
1.3226002735629896
0.748479558564725
-1.3867830034761686
0.2677798444035012
-0.23743011263525932
-1.8904265130745648
0.20216970348103935
-0.543664112517121
0.7985873482895913
0.3882687930961152
0.8224192680793224
-0.9394423533514962
0.812049879056157
-0.3210176277912677
0.09699679395283005
-0.36841306017067293
0.9657430808258255
-0.6649667970548808
2.4824068871121097
-0.11935563113152221
1.5542130611780562
-0.9025444461855229
-0.4727845863146474
-1.081741406694939
0.16447546164755478
1.2154732056509123
2.043281666765005
1.5783314327386868
-1.1508681688886906
0.4944633922978077
-0.45012582509707116
-0.21184033266360897
-0.024664087466110235
0.9497225693992134
-4.042651063240523
2.4127776504121403
-0.047029899911192254
-0.6061479933698299
0.6156360795963663
0.3874453415493985
-1.0612841246294442
1.257671117591875
0.23156837334768454
-2.0831131260076905
-0.9145065353066869
-0.9030697219064648
1.7739461734600723
-0.06449472133336431
0.5626065198979234
-0.2754807993221199
-1.640178677204614
2.2239275073066
-0.1251911199506109
1.7226249534671167
0.23702104561211287
0.19406936664030752
-0.9343023999406608
-0.09678629298480786
2.9357545111854693
0.2390596592119547
-2.3038237309118976
-0.5095992642325211
-0.8589205588939461
-1.3281745381949772
1.223739765686236
-0.3371861513667839
-1.006347425255344
1.198739116722398
-1.6813017459977593
0.8700608304967639
0.2007173451620377
-0.8788285994247126
0.2671027199538412
0.9919118968757029
-2.01912700884566
-1.406445449251754
0.31219856306809374
-0.9839300327231733
-0.3537320030070151
0.5956763445874406
0.20042833212328046
0.39702204679406816
-0.5496081616630558
-0.49233166941338735
-2.5914223053516556
2.290011859017745
0.41972736211751566
-0.8221281856763467
-0.4782479854024674
-0.04334127009985119
0.5613652058314057
1.610028033493826
-0.024211781481956577
-0.23044510881767394
-0.2704941523551183
0.9304009702288908
1.6706516552848318
-1.3682476604534197
1.2524829010145637
-1.646171485279361
-0.8050027977677441
-1.3932990284735438
1.4962907563092955
0.7283061234722013
2.244301084829917
-1.7507246493469504
0.46075335857646627
0.9501604848637751
0.2058503753867216
-0.6789745292442733
-0.18519888441982962
-1.0147210280404624
0.32500634892363633
-1.3053250155047122
1.0694741090109587
-2.051091109673605
1.0694953552794029
0.7511248320352939
0.6104090977331899
0.3372270570716577
1.5113008299203308
0.32730431493235246
0.5012781566247911
1.0705971019625211
-0.9345623470751679
0.6301113864489833
0.0682564224651674
0.20488654225412956
1.9004984082606209
0.046214130587736844
0.6445595252843828
1.53720390834349
0.20679300734018796
2.958132692464154
-0.021176532392446643
-0.07154535791513982
-0.5549956756267692
-0.14545694231746636
1.017780506483791
-2.4897969455322086
0.09083040844193443
1.229818223450134
0.09164232100171268
0.1508757083648545
0.11457213633327579
0.37418270654005087
0.18082453049328273
0.36029141089436134
0.9579355629922746
-2.1240710048758853
-0.4156028896377545
1.22248267817882
0.5275782203546163
-0.5578570218927412
0.5216488526134759
-1.5739550503951987
-1.0395023324065362
-0.7710888581421762
-0.08958565431062787
-0.5010038777038653
-0.4959132038136711
0.015150545645393835
-0.22005378496249725
-0.49759865141413706
0.33367215266016137
0.46522972866908546
1.7759447477434196
0.28801532663584983
-0.3133021804732389
0.5785975313341847
-0.9813065802701659
-0.020587623419695295
-0.25158391360893256
-0.6719722272314517
-0.8828874540707208
-1.16662639774813
-0.8983295416869547
0.9214009934136311
-0.28844755828509555
1.3538849387837861
0.252432796153402
-0.3561684533044543
0.5941947674730249
0.9863342883608495
1.1186831794036804
0.9464650815905581
0.06179393741558267
0.7888561259482021
-1.2565263910095166
-0.2841274475436803
-0.12838263091956065
0.2421841004912419
0.8784841879969948
1.5587953193468245
0.3597576437948051
0.7592472586144172
-0.13581493228803657
1.9072851918231823
-1.4867409344258122
-0.5574662323401598
-0.3435218005872624
0.47998269615221845
-0.9710257194585652
-1.3016924245791466
-0.47383607652275833
-1.0946889367670563
-1.2491459197889854
-0.5376099012356272
0.05924940918415106
-1.7397269366723787
-0.27990724798283256
-0.8672087804088171
1.4795149453859593
-2.086905644887667
-1.0733611123491344
-0.5040903274493483
-1.3788932568501786
-1.0691790182200585
-3.119037177290969
2.500363637012938
1.627335863682236
-1.593217215565974
0.5992325836362613
0.18119205853301606
-1.2562573296300301
-1.3403706513838436
-0.46699946682617494
2.0868357523935184
0.5937708546962509
2.7218293210001887
0.043016206771983714
0.26007030082223387
1.1415679630091478
1.4908592039216073
-1.0327042758780014
0.10872545984168992
-0.08743341934443158
-2.234403796837646
0.42964107023652026
0.17368657690545183
0.7980010438073412
0.5423152036424795
-0.7299521077622562
-0.3354707683396486
-0.7068099966546229
-1.9199189566309378
0.00043265002081258204
0.8166131543993691
-3.460924079375442
0.5797760377345846
-1.0105146159233267
1.0445785885884296
0.9946099625425752
-0.72336327146603
-0.34716308395510687
0.766628975092581
0.30624960296456516
1.0745478501057848
-0.11039734176936081
-0.042055368656392166
-0.9653962162024519
-0.710318124490097
-0.6191387089986806
2.1183925687306173
0.5992898550160476
0.2453038212928457
-0.1970487066635548
-1.3226317898687998
0.10843858401517892
0.10108453607020333
0.6748317816493071
1.5216477443628829
-0.6468952696366734
1.7923295363355394
-0.8419284059293173
-0.2781108116006822
0.09822885050923455
0.04739113445135519
1.1627079730255514
0.8521654968158361
0.14442223130954163
0.34136818773835276
-0.7393880499201507
-0.5673720208750089
-1.6172565878038196
-0.5690267254627558
-1.516800695683413
-1.7270930114405667
0.49066514772145287
-1.871334438041868
0.6870758445221749
1.4659585019657364
0.16539396071864476
1.776182887732279
-0.9157456022550455
-0.966795579366389
-0.446088526087555
-1.341811415680083
0.16237897546938526
0.9986309704889722
-0.6261611616430305
-0.7481727233055834
0.907073301017388
0.5680735604717608
-0.5338681161732871
1.171138517743426
-1.481943147959087
0.45201056023773056
-1.7166324248887936
0.1983857027803609
-0.6842721820849399
0.8165414833149218
0.759611604360824
-0.10072182369004663
1.2359553466063178
-0.525774457483751
1.2444077275365097
-0.8239982043285417
-2.1674550202029557
1.1088087105739728
0.4156904581861454
-0.37575978098306034
1.834192051429064
-0.4752786458616469
-0.5694714935533709
0.5613773649367516
-0.45962626440817783
0.8927209164295485
2.0996114872301246
-0.6268312278602273
-0.6417149955258248
-0.2020440020971035
-0.7698758589396973
0.6725352664925363
1.3110477658314288
-0.8464284235095858
-0.052815565393296904
-0.038533911526407554
-0.19814584426693174
0.8990880650347227
0.08657546694424288
-0.980528893332861
-1.642984206476836
-0.4539642872877769
-0.22963869227526743
-0.7112061081214054
-1.2394584232959136
-0.8812047915619068
1.6214871773110275
-0.1849579890135777
-1.9872083077577944
-1.7927986956966464
-0.2145354220563522
-0.17620753866797986
-0.7851257548540242
-0.20634710442121373
0.5442709720560917
0.08913837826822307
0.32887330785449614
1.0973388236333486
-0.3013875938296087
-0.7366894628021529
1.1386921550165878
-1.8824500064844154
0.6659419470338187
-0.1236024928895996
-0.1431966783617947
0.6113085629367656
0.15053628285125872
1.7586208293211893
0.678480578073469
0.2600450824449216
1.1686783351097372
-0.6637314158306934
0.9988578313437585
0.645006808631959
-1.1426736924301553
-0.052321161372336875
0.8984625390011802
1.5126352358376765
-0.14223693112127594
-0.19484674852068498
1.9664873257194644
-0.4269106306616998
-0.6312702980990001
0.08279857260352617
-0.10952082702101505
0.584538523923166
0.72382169508494
0.35249810363957035
-0.5415257786322714
-0.16830106945857057
-0.02421049038124712
0.3887857627436591
-0.6637960335115793
-1.2902364352667754
0.638645807094383
0.8318598246407322
2.1763614697887967
1.1268442580058398
1.000637150944384
0.037550180717831054
0.6068958164267048
1.2974797804432998
-0.21790245718814613
-1.0085015134975417
1.1291739159541598
-0.026736714045889932
0.32640694471632575
-1.0306334191257864
-0.4953852383205778
1.393924744238782
1.163990926721191
1.0560481402088706
-1.05006817751941
0.4048835555362464
-0.35992812226050097
-1.0843474520345369
1.0368821262976176
-0.9378692191277345
-0.13150528850681448
0.5572952664682094
-1.6290916809036837
-0.9336621392219392
1.3487391577513903
0.05901280212363176
-1.2062511476923197
-0.08622118465593637
-0.34228713746836037
-0.9343036515977144
2.424652074573124
0.6505820322461672
1.1114219653257515
1.4382066552526422
0.03835828210849004
-0.6548207597128854
0.5378124575233311
0.9103675680630599
0.47097801885408763
-0.24252516546334224
-0.18300863564415734
-1.0307085401170142
0.19636987132162173
-2.0404410973344222
-1.6453662560454676
1.3352388622799214
-2.1882057361754055
-1.3205859229729893
-0.36443991391966846
0.23425199708570113
-3.088292452267372
-1.3361387506320703
1.0237725431371167
-0.34525107154622936
-0.48021593744430785
0.4689911943305873
-0.40775480888081755
-0.6610552139604197
0.1980899615406782
1.2371684057880967
0.17084072469416292
1.6049273692046067
0.37419164623604984
1.0816879184970158
-0.8405349934638221
-1.6917929323704166
0.5255980081581917
-1.1665745049621048
2.5172242105681857
-0.6257233140121844
0.13912996590614155
0.9381424161186052
-1.0244517236487722
0.11499291749421282
1.8238690411948508
-0.5100332700773783
-0.14440153998482133
-0.03538426537806806
-0.997438969876784
0.2559444506193089
1.5981104460881628
0.3097949586331148
-1.212237667695222
-0.4304059311398623
-0.9789038436009456
-0.010606396027943507
1.2061637247919377
-0.06903214043659026
0.7560047424792368
0.07350640846823367
-0.3793709747505259
0.8312464822879984
2.0642394612919612
0.4201644301408013
-1.0384504031386386
0.7096760798956483
0.30114977865060294
0.8837643219247872
0.10318681009553593
-0.5988877439539164
0.715290910058017
1.0557552066090994
0.027154341392360087
0.9149034901402789
0.2292108855751658
-1.2670930988472016
1.3424720717805334
0.18031923058866595
-0.7936130422787955
1.0314083930468008
-1.4171443652973363
-1.025403275574795
0.39997691050899437
-2.45780109680123
0.8043844565930124
0.12883067466960754
0.8434933869950048
0.5271623601587316
1.9517414586424406
-1.0310307683818136
-1.4376273595853497
-0.18229201083404695
0.2708991620435842
2.138833278281574
1.1053272924215785
0.4684864201084473
-1.5363624064910237
0.5921052674933842
-0.09454461478630417
-0.03628955543459589
-0.31551826933602145
-1.0010025847873982
0.693702595020566
-0.5827330623001987
0.23598235962213213
-0.08096560906388835
-0.2825406332235654
-0.5409665729845411
0.64965618402857
0.2870527086804695
-0.977642009970345
1.8336814626620161
0.4109412469228398
1.3383665140472751
-0.5636433342368011
-0.27821518756547947
1.2856619642701732
-0.49952205888208956
0.4189674695222876
-1.516371809948104
0.10501927289711574
-1.3572647054644422
-1.724634544918563
-1.0059753629720531
1.7092339222963464
0.20423661304744478
0.27798270063176955
-1.2436136971381155
1.0205382705585953
-0.016044675568505404
2.6988680659987754
1.9504935930677092
0.13687834176357577
-0.3203875015541564
-0.055205112963869006
-0.43431445377322225
-0.506970146418568
0.021563539260077147
-0.17039234873258574
1.0694733835168053
-0.6473182299683259
-0.48368007097515925
-1.2809607837810952
0.578206686777501
0.7474089869214599
-1.5896971465438217
-2.594719561386902
-0.36117847995903957
-1.1542383516965835
0.19026553485642164
1.2894345743012994
-1.703136923522161
0.7396913018193803
-2.799515325071015
-1.4717099922763037
-0.7632256494293636
-0.7995246106614349
0.404628317930223
1.1714525061569023
1.6636411346340005
-0.1395685293927783
-0.3722643247855005
1.56934655326078
0.9913607370345583
0.7298393267555656
0.58226694259851
-0.6490481428601402
-0.32850840362264516
-0.21329121974744972
-1.304926816961387
0.8070433135814873
1.4212566573660852
0.5873771399194799
1.424878148402454
-0.0329713196305393
-0.4809140213955101
-0.5402579530785722
-0.21773114321113382
0.9867813972277454
0.3165666622056519
-2.002698367440616
1.139919688630765
0.6691201806074226
1.710931123170942
-0.8379289204251636
-1.353893678610075
-0.565588133142912
-0.02968056659859596
1.046704498786488
-0.7064951213415147
0.2892403260834091
0.5667879165089246
0.8503039436541383
0.2829677538849595
2.3597192244130567
-0.24177595694411896
1.111979989947388
-1.422394826973367
0.3544494775345673
2.0490269520204625
0.8082200012886701
-0.1303406810628448
0.5608260471479166
-1.241435774432563
-0.14728154292186693
1.7018199481763432
-0.5591808809718143
0.7936865064561271
-0.7330274547729592
0.42954326817008176
1.004916634681255
-1.4443159558872467
-0.02061627600538471
0.1299903456065088
-0.27338122629920636
1.1478602220430456
-0.1533857394790546
0.6939138129330291
0.03205986897605737
1.0120003302780758
2.3522567660283986
0.7813833139706652
0.3725235461745131
-1.3548700184249716
-0.39420227174786815
-0.18962182234729072
-0.41932227657552745
-0.9182161173439587
-1.8625321566568793
0.1505944866057656
1.6834688363795989
-0.6327905898558038
-0.7666067558387076
-0.5496075243051988
1.7956908884906708
-0.08535270109700113
-0.2773491819033299
1.3802695164527292
-1.115627865238768
-0.5640874152011787
1.5696845608277852
0.020946753675601205
0.9708253667745789
-0.8537622931013326
-0.32241768388816106
1.070069905388302
-0.9078592620650899
0.06664553766557078
0.7443578929003734
-1.540694827610953
0.13872829696355687
-1.0563306774990138
-0.03368526269496777
0.7462405972726038
0.1431042619752535
0.577696683330494
-1.274816553382588
-0.4308743830446376
1.8608062636640628
0.740942399498788
-0.40642325925231043
-0.41390129503598566
1.3965087220168564
0.7077579585557526
-0.6174772394195265
-0.7542702725582758
-0.33419264257382725
1.20344903608634
2.00983193749365
0.7265312070188512
-0.23045493291804384
0.579314726390193
-0.30161196476939117
0.8104509636070797
1.6335991318138972
0.45216697277613854
-1.2444481765743103
-2.1350686300908266
1.1549290963750745
-0.13482084352468443
-1.3345052708022138
-1.2346457797863828
-0.6787559007184029
-0.7640701313639318
-1.4849512667101306
1.6549371385623537
0.9962694810126784
0.39238105397219575
-0.7084299948676158
0.8372063405112311
0.41432209517853574
-0.2713903149397341
-2.1492698636502268
0.17941370916445504
0.9746236562055507
0.8908190743549163
-1.7898380954259403
-2.050622569282921
-0.5147236887744205
0.8950021571893158
-0.38115026529858426
-0.4688456150736724
-0.9778288143619823
-1.8460141122108389
0.6717583600187197
2.4305572583689767
-1.671643990709116
-0.8208857919084943
1.8558801185812908
0.517983657955431
-0.6225851333688713
-0.4141656168295897
-0.5623661794741928
0.6747118198418055
-0.8620150580313684
-0.11535205781575977
-0.574195839711304
1.9116462893392316
1.0134688487906254
1.1255655926826753
0.45122753316913944
0.25855978011494607
0.8217948336343757
1.9313355766430265
1.1365248567438073
-0.7105675954630811
1.0467397822360822
2.127547480832925
0.009600846109438616
0.10001774325222873
1.397868356413973
-0.4472731591822629
1.877015923312198
-0.7021926419598196
-1.0031523344874245
0.7541219576554719
-2.1302098548541086
-1.0096076324225787
-0.22479110420991907
-0.2758503543702939
0.9818401181397692
-0.9198175827003108
1.7166328821287327
0.5967567750410266
1.5850672480930652
-0.0313203624840537
0.11149100892354369
-0.6853848682386164
0.7434568570689118
0.6498725594692859
0.19070882815692528
0.16663152468726533
1.5786946303053464
0.1074887196940561
-1.8968517681878356
-2.135819702934722
0.9564555528294294
-0.49013366188106816
0.1289955746157302
0.7903197427901708
-0.7699227364973481
0.21615665381005666
0.16678488516005227
2.137355318034251
-1.3940566710570137
2.10882839594148
-0.5409883264046791
-0.9572719633672836
2.2092897328473367
0.33806186725895065
-0.8722233597214634
1.242197421427594
-1.2383288739248028
-0.4691239477403329
-0.17405024214342646
-1.1119838925034926
3.340731673545077
0.03857692329573234
0.6865086935621674
-1.878255689122794
-0.7544757213353805
-1.1495715061211542
0.007634674570759704
-0.8259298010081378
0.62637869214137
-0.2568967616124716
0.30782589896861123
1.3584335931262443
-2.2943412746870746
0.06817085645370732
0.8170315275117902
-0.7105001155381825
0.4199466585133454
-0.6260060595743696
-0.3657160592891587
-0.5398381039929164
0.14955860746700586
-0.665713668150158
-0.7615403302466288
0.27076062029702896
-1.6098372364938125
1.6988851405228766
-1.1224427811969784
-0.36324210203192114
-0.18692682466825927
-0.09477483105157299
-0.23726380576463157
-0.17747143947409416
0.41619872051289836
-1.1386491334109705
0.054833611337249025
-2.9832350550840623
0.0188746799327533
3.0091382362981784
0.23591416753792616
0.22103041781106017
-0.6304815374457722
-0.8334249915749594
0.5483016124954326
-0.7403658524918403
-0.40506850179909953
0.9223802298052799
1.7396805923555458
0.16157145100071676
3.065198299079319
0.17310567671912427
-0.2675522454563246
0.7833976934684349
-0.48158684417502773
0.43536375581569164
0.10598469856926503
-0.8012678914684483
-0.804106359500589
-1.8319214217023994
1.2466662276802036
1.3113226821854913
-1.6842658051952843
-0.5529569721907802
-0.6482664636187336
0.43013628047265823
-0.8083819402925144
-0.9544125408124192
-1.895118394067246
-0.1444279667674186
-0.19114410416288036
-1.0244710072626082
-1.3651364148972895
-0.013908009544539928
-0.460441432379139
-1.1822543486047694
1.0315954020135134
1.4159151307013502
-0.2728457164840175
0.5306679517407354
0.39536595477277975
-1.532958012463281
0.37655033055440074
0.010789041418760819
0.6996806965989266
-0.9485134828925729
1.0546556875713227
0.7528268223326439
0.6470900711659285
0.9374322634170545
-0.2237275611258132
-1.2806941696949714
-1.602958307978611
-0.4605802543759219
0.3256624098978284
0.10819316963965657
0.005019408342679704
-0.7193345438943121
0.7296671411250517
-0.6395705984699304
-0.4356837760257132
-0.44132817556659715
0.790407542093093
0.07943649848284315
0.7733663373282836
-0.32478145655344803
-1.4564268989823914
1.1295201064729117
-1.3754415020398345
-0.21773984188047182
0.7080194561137338
2.7205825028051787
-0.1360521789978726
1.3790231524325907
0.8378098744793377
-0.6826936146556616
1.5460294033914035
1.4394385812092232
0.01694612092789859
0.13531856676394102
1.309725391957958
1.7976151160409397
1.3081272597113436
1.0883402588294546
-0.38759203157618777
0.5737146323640779
-0.5486718228009653
-0.004291771254699219
0.046012601524729434
-0.09869267595435811
0.07226706452902404
-0.11515520745710676
-0.2944236788473697
-0.7096574380925861
0.5766024613179812
-1.4184842358879017
1.8257631432757173
-0.7789321670733901
2.5010726007110176
-0.43714337831991473
-0.41206565891185787
0.729339413214887
-1.5408879269286515
-0.8262073717287517
1.7214316128631992
0.8757603572051407
1.9618840021304074
-1.122662108420448
-0.9457212275803841
0.20327031440171944
-0.5784201344145846
1.328055251054617
1.5715752704145605
-0.3993834812370605
-0.029642746298758682
-0.007528074127374473
-1.6026204983220707
-0.4809522779529941
1.2598752926891184
0.38132745076903424
0.2670760697847225
0.7812873003958849
-0.5133441983421281
0.8663918921946603
-0.5877475788865673
0.2875384371469856
-0.1061378551172825
0.4940244175511892
0.7552598723676335
-0.3651358091344672
-0.7702215598093394
-1.0248460721343045
1.5557896092227526
0.5009200990425025
1.44559000764763
0.6891149537623622
-0.08477175037793826
-0.6058169742412897
-1.2663782582421568
0.12069264423294915
0.47101858614080416
3.0649044399389966
0.29803781561414916
0.46171218963682825
-0.5259983537642674
-1.0856266577264422
1.4305868571413316
2.489449220244824
-1.0625115445326676
0.9539726624061567
-0.26892349122139814
-1.1836551149942052
0.33556920041470156
0.9065331754681103
1.153931942070806
0.14829204353062844
-1.1391826288257982
-1.6548649123903045
0.06642300757907758
1.9749632753825166
-2.5524779576440544
0.18758119754139932
1.5648729374212633
-0.9608711606891371
-0.9222398004475794
0.8133296020097569
-0.8574237961493122
2.1831187632964233
1.5213084272881912
-1.818205301220926
0.2011673254375615
-0.8935015597201148
0.493477240253431
0.9207647974548339
-1.4481202465557912
1.1859706806383403
0.46350254284055425
0.7205019001991542
0.893485162062447
-0.45835254865095915
0.19580719283178113
-0.9022336062456877
-1.5532962139555346
-0.5772986933294116
-1.057161688818377
0.0215940959856993
0.10601363106492234
-0.33947491031024113
0.02092439048138748
0.6281157757150723
1.0038844621360905
1.117909347027656
-0.5439201750199341
0.88609077478264
-3.359118299606718
-1.3427563784031635
-0.4840889069418286
-0.8907907894817035
-0.8868899013363568
0.2040042030099994
-0.05538072403919433
-2.39142910075498
1.1051631993700397
1.520573246840554
-1.1648143638942954
-0.3367148857690659
1.9274964770444944
0.061705022786733996
-0.6671465771930256
1.823106502096755
-1.2837662254352136
0.31264651121230036
-0.11224805207344031
-1.0518374207128762
0.3015726634162106
0.14069663307204497
1.754270073619243
0.14052026619558805
-0.488097907143828
-0.970127109355343
-1.7435257166851823
1.302104174475333
-0.6351983341928297
0.4209209744374918
2.2893058957183454
-0.21118816461969375
-0.5287780991873152
1.0180943285945856
-0.9018043888728198
-1.7638633589278985
-0.647084649658689
1.2579320040306474
0.18780541360160172
-0.5946323683401048
-0.11012802791068615
0.8633713302729373
-0.13929266400649182
-0.9203425647165917
0.1409279574973126
-0.7063856817556357
0.6139044433611058
0.1168133219756187
1.0535325717418735
-0.5345897139833468
-0.23026496191891638
-1.682457476695716
-0.369623405853665
0.21277762521354926
0.2627032348759436
-2.591092407646803
-0.4567483592215431
-0.41934991974017094
-0.6932565778480613
-0.7254443213701093
0.5442395125266491
0.0834388102158312
-1.553107327393778
-0.03476515084835276
-0.493874520344557
1.867712051493363
1.579304470617121
0.4120563729375917
-0.13908192290247615
1.2664179907366644
-0.2948097014646764
-0.18521926306866074
-0.9962072159442943
-0.11532399290677431
1.0923844363914388
1.2678687503006967
-0.1654436521546066
0.012534414916193113
0.9546532409621215
-1.4804007202043625
1.2843577392227572
0.2835071915036844
0.7058936713139148
0.8595913480515337
-2.057303990907948
-0.7207651316384668
-0.3042631639657541
0.0022069023125722395
0.1615228314434267
-1.6332826161893133
-0.3103009600063946
2.0250852200219662
0.430649075314409
0.8052737647806528
0.6211223272075059
1.0005501787672377
0.5874920641940771
1.6189712333215902
-0.5055023589360325
-0.20392268041591327
-0.8868264043719498
-1.6088879839424368
0.7399700127331788
0.5263229560218379
-0.7842748102026599
-0.507559859024047
-0.03119712802307774
-1.4747892469216257
1.2263513987266956
0.0917730989236889
-1.849205214300679
-0.1424035887048199
3.219338072347879
1.3615518066848804
-0.2770708606586784
-0.24306374866480346
-0.6417868093266451
-0.24854664859317124
0.34586957707871824
0.7127289316489546
-1.4296084060467042
-0.540218375336681
0.565835135856234
-1.1548595628658704
-0.3954184863877929
-0.47184775531290246
-1.1694358558938247
-0.7364423169166053
-0.5278828329353039
0.4288907257931017
0.3299566082460566
0.5489246927980985
-0.7435508268962125
1.2950204179972076
0.9803068287757546
-0.6415723383143146
0.002314437332210984
-0.3099177938364096
-0.25021561267172426
0.8515592609531792
-0.5758145727144782
2.2122762900853243
-1.0068630834214516
0.9383460501138545
0.7223829585077655
0.9613339912943821
0.771666809661199
-1.1587267679065913
1.365027740772279
-1.572429023576357
-0.03188389922689964
-1.296011531589719
0.2181607115925256
-0.3308009321617749
0.9507101151727066
-0.3080509311106596
1.2902300721226567
-0.8582409153217189
0.9707069101858501
0.6748922927890734
1.715568282068377
-1.7555197647221894
-0.9519141610381628
-0.34474110922641615
-0.19199629973354743
-0.5789435089800954
1.191785560941595
-0.1637453421205394
0.6830857605883311
1.5918222293343738
2.4233171859569715
1.3918020932632964
-1.2300304546526477
0.18635134134159145
0.1994256971249149
1.1575664012917175
-0.8203866894753677
-1.6158781415632537
0.2653888314153663
-0.7643676595136726
0.2982117505582711
-0.5833761582360215
0.7128265824574956
0.33297756806168716
0.4972890810104833
-0.244448819652509
-1.1430843178864694
1.0399815737115474
-0.06101895104937827
1.413439253124042
-0.07607586773696137
-1.0072735434164668
0.5053467242169748
1.4628823514215585
-0.680077994149713
-0.5112722113779312
-0.24003539917379954
1.2636799683464273
0.5079168048744642
-0.2936702364241679
0.24929347393608878
-1.9363611430816796
1.0368368059687476
-0.21503680999486183
-2.728729990715764
0.8823026727687305
0.3109596594739541
0.32155336916674604
1.4769503128647379
1.6057115110546676
2.00173527531968
1.482466368877996
-0.35765321362223934
0.760371224681777
1.3701028674220672
1.1046154503461902
0.5757746556134209
-0.12303920213120113
-0.954710674498937
0.15598432626822925
-2.7973044702765826
0.779372502821136
-2.693960884986351
-0.7119866331582135
-1.5624042996551502
0.7348532792418899
-0.3166714998433217
0.5736522002316755
-0.2466057430746353
-2.07494565490128
0.12221611405361864
0.08528500802015618
-1.394064430714704
0.2799155912885143
-1.2504052423215668
0.11255150559819653
-2.0487386803212693
0.2824630998411927
0.29080731713207464
-0.8373906156704048
-1.0288341096609077
1.1536371038240116
0.7999088834569468
0.028902824252963602
-0.13117663807159163
0.7087875373833814
0.42133321125726575
-1.514815934141165
0.18346294372474184
-1.1507357562586158
-2.3497549252921828
-0.32573324754681493
0.47520408728514535
0.3572006926788935
-0.6481901694100899
-0.5149290599483491
0.7173122150258896
-1.078306760623978
-0.17312547112882265
-0.42787323298409546
0.9114637092851361
-0.23907492069068406
0.03136560073100323
0.42076595490971364
-1.8108821733752667
0.23760759066769935
0.6492276896730218
-0.728481030145841
0.7023809162534042
-0.39943511924071384
0.6420751258678902
-0.7020495059985987
-0.9617033657606637
-0.5421571007395767
0.8443468853514937
-0.8089249993795664
0.5983973057688533
0.7032958460399245
0.127058576969758
-1.0274015847906115
-1.0482578939274265
1.6177219638564522
-0.5854963574111515
0.2684344950204101
-0.4465366651354563
1.2988010686409732
-0.7016727603145567
0.22944074467383188
0.164353046388299
0.30698427292587827
-1.1373986945988557
-0.9995994677308425
0.2551247742517747
0.4754271226961308
-0.17884771977565292
1.1661927609785128
0.17727867962181956
0.3038254059841059
-0.44877952335887755
1.2223716226697894
1.2224771551728706
0.15054958987488365
0.879038291006055
-1.0117333798288994
-1.1494716809103946
0.19229405284255915
-0.5462199498601892
-0.4517119009563238
1.6284009228255156
-1.224955171170579
-0.9686109686052188
0.27577055151908125
0.9285666178619582
1.4320130073670507
-0.35415396221728435
0.7516208607758275
1.2682699339338617
-0.27990419299255853
-0.6229088332679413
1.563952141806484
0.7146889950873935
1.2256833910066398
-0.9224481466460844
-0.3444964826102311
-0.244463025192591
1.0184396445654111
-0.43738801766537017
0.7604124925231779
0.08971762267279275
-1.5793652261571558
0.1272674532870637
0.5933767504300691
0.7461464693101226
-0.2813277238066659
-2.017364568952009
1.7461999105877297
-0.9313779563155417
-1.1830200331796425
-0.37563922620835344
-1.3531732946816761
0.11127774603409955
0.08388007160990534
1.5323283513879213
0.2801979743854783
0.7127536872951004
-0.011295133862096275
1.3292295594262777
0.13918363208809198
0.4164909301141737
0.36305286026118194
-1.1108780364821222
-0.7775879437100804
-0.6194840094521749
-0.8925449818613372
1.9460455307682043
-1.963309145813832
0.005946282672673674
-0.5284987940646442
1.1164837917821333
0.17818242473735196
-2.0227114874997163
-1.0242185762196623
-1.1922529052571993
-0.49361324403619844
-1.6909224608458355
0.3581456381341895
0.7217199384445768
0.4580528955750719
-1.7610690122260972
0.48577613533661157
-0.19908662314115455
0.4143876735489496
0.36847266831153364
0.5195054799609758
0.8564188494076651
0.32216949647467197
0.11013471330660754
-0.3149472558776473
0.03365821138692794
0.09837153388603381
-0.6505347461693453
0.4997739507399113
-1.2516298487577098
-2.421798632313721
0.4006798046144205
-0.4815686898860541
0.5047031478053468
-1.894209854462321
1.8281163115783097
0.3903231036067625
0.29345255382549895
-0.4490023634727658
-0.8876319613895537
-0.9131339110970961
-0.19284577949424087
0.17083333497682784
-1.845301360112609
-0.2760027095450129
-0.06012584698063582
0.9583983637944993
-0.28838789083526745
-1.7585787967320547
-0.940719667787346
-1.9010515546947033
-0.3213741042524036
0.17648864486014937
1.0311179243378303
0.1345592702759126
0.8345280054126577
-0.1273463218542079
-1.0937053871641327
-1.421848309298849
0.48673357123103467
0.1307645490418686
-0.5017076574244743
-0.23227041795153938
-1.0544428529636576
0.44889921504331093
-0.07781017881654201
0.19678653838950727
-0.5564457162165091
2.095709400918546
-0.18323434753467865
-1.2711818415158294
-0.2753304730512802
1.1178793050005533
0.6447698388931931
-1.223210016686897
1.4168337662798869
0.827266753108558
-1.498134246093899
-1.5382707565182776
-0.6801069545315752
0.18507435067554964
-0.3132754783647717
-0.22863138452444962
-0.7530866011627595
-0.5163304994891107
-0.11155919788116764
0.1985457788085501
0.28469330132202625
-0.5312438786343734
1.5458924299964485
0.20452952529671706
-0.9065412079370619
-0.2474117756653504
-1.6718298919680683
0.5167497998910768
0.3869890907478767
0.875892143854312
0.39421390588718463
0.5564431036411129
-0.6717333676151478
-1.3733096526389508
0.25345238843355095
-0.3650364203616679
0.45324445404239305
0.42249730142063374
0.6238761025012556
-0.38062946331123654
-1.7007363892771425
-0.6178341184684333
-0.5400947680418937
0.3632675662654885
-0.5927670141161296
1.1034535758842374
0.6158280096516882
0.85120870081047
-0.0921723380562109
0.5388675280686135
0.4577479577730667
0.5623932688748974
-1.1805683215583915
-0.5358877866443487
-0.046419435041754685
-0.19146208044509702
0.03898378963944144
-0.4299905478496106
-1.4311784966032883
-1.1341476881890986
-0.6333563072400139
1.682511819555445
0.4701150372912926
-1.6458864451391737
1.2746027194346552
-1.1334737554338628
-1.2237150509267383
-1.1725214069701582
0.514852858603352
0.6783127959921063
-1.1026369411447436
-1.3620030955900948
-0.4080870251564998
-0.6527692066259276
0.11884622957396802
-0.29516105134604365
1.2957077434871636
0.4819827353290624
0.5612040736263254
0.08725127533949005
1.6706435773608463
1.9202716451529505
-0.31546401976261795
-1.5822498517229855
2.633489319007248
0.15166512878629224
-0.3092737524407895
-1.3037399190282335
-0.3527235513534965
0.714800375593958
-1.6315494494728702
2.151047089165883
-0.04990248763866361
0.7833159491186279
0.1291215693369845
2.1641240412842264
-0.6572736597452652
-0.2153423561863145
0.459569453871288
0.48811245235372347
0.47050890277445573
0.3596465686681098
0.08946884933630082
0.678251156138727
-0.7217712885246363
0.8780654615935561
0.06820768400998063
-1.439602824784146
-0.09468897438711636
0.9275516006131064
1.4361831205356064
3.3123238597193483
-0.2167854533089381
-0.60884792948179
0.2690277578269252
0.6075948128490523
-0.620800817350922
-2.9874836765413666
-0.21150136232880165
0.20416224998281832
0.9391653283967168
-0.41477780141478743
-0.7927919106185616
1.0797549692645256
-0.8832938110764412
-0.08951272245021986
-0.1476897007777257
0.06282781489814337
0.30650421055879074
-0.13287887690124447
0.24448607137760175
-2.868939133845091
2.2846496534629273
0.7695769723430937
-2.251943478037328
0.6317503813200909
-1.0011761275414828
-0.7232012564576988
-0.49071846296133353
-1.5511700539448678
1.9659036046140976
0.8140338629651045
0.7223387153761466
-0.2280694324099226
2.2516501389447354
-0.520457921297181
-0.028197356800780463
-1.5395726791263786
1.0364924403804134
0.033199678564867746
-1.572495343371368
-0.8122375119770524
0.4615152589141375
0.2666894334637986
-1.6781234115039696
1.0240164777485692
-0.3980950924433211
0.33092146041913806
1.0758084462219606
-0.04323169900073185
0.32408464044565866
1.293046219575582
-1.5588031119273367
0.8907381681586642
0.3643181066541128
1.163959962585116
-0.7069190756838442
0.2542308275005363
1.8693242015954035
-0.14063401240312937
-0.6185997779007129
0.6274317001800138
-0.41262160212481164
-0.4396945083199203
-0.2761431727438158
0.2003753123904148
0.1409755593764719
1.2669732015451083
0.37883063147363544
0.2592698804752815
1.2999319725343144
0.017123376798751585
0.9707601443114303
0.23818014300111498
0.10325551665985734
0.32669946792597926
-1.529717050618534
0.4814423948355948
-0.7299090397558307
1.5120266212157822
2.4036255569194425
-1.379762561754421
-0.38170884138431804
-0.18195792382151482
0.10736590805684675
-0.31899723767446075
1.5599884859386024
-0.3995926369554132
0.5197746082309238
0.3879618757386732
-0.3791036792248224
-0.7786753110448794
-0.37530294692144206
-0.3127607078456785
-0.31016998949310826
-0.5224174017364885
-0.253008114456918
0.5914041522837833
-0.30626657549463143
-0.03055839596113747
1.1686360989696436
-0.6067462431100114
-0.6194804762542788
-0.3822826321318649
-0.13264609100861
-1.4606131049086484
0.6935435321741605
-0.4438263876258066
-0.8358679743903713
0.0517106281478694
-0.11470102884287348
-0.716771952487874
0.4955324671701224
-0.37772175884684506
0.5453029133657286
0.6453986018659809
1.0663605896675206
-1.9604552835862086
1.531455206246909
1.4800303052527435
-0.702209758291069
0.5372169045536204
-2.214757863807683
1.3288832327525784
0.23480209063955965
1.1851542059452698
-0.20682750719269458
0.05277280469284757
-0.22256614119130066
-0.24192633854561466
-0.42590897291612884
-0.6147293659836675
-0.37339727071534967
-0.11231864409269492
-0.791189818310819
0.9490866106091063
1.6978356225063769
0.8455218362149889
0.23805082270969044
1.0080394045938907
-0.7051285350957823
0.029957510812763974
-0.5907230191067051
0.047393956519651184
-0.26410372114330444
0.7209809861881287
0.2579291718209864
-0.12327401435567835
-0.35863681819529386
0.8403386204343402
0.4509948302009629
0.5540812841049809
0.379243984080687
-0.9683573361107757
1.1286191916860133
-0.6768195559849914
-0.3152514475621346
1.110500500954184
0.39271956719599477
1.9579549223648158
0.9596476739424216
-0.5605650292004973
-0.205247777112101
0.09745976552882765
0.41311773388145623
-0.9093067111211393
0.24600954833031854
0.9010609470882807
-0.8017708947993462
0.5024611632402918
-1.7002980203583784
-0.24389321955533547
-1.3482165881734223
0.9306925881208988
-2.1514498901538555
-1.2096674199645019
0.7641423969831636
-0.24259934030288074
1.8618848495189921
-0.400703945264897
1.37345177207348
0.5198500843162968
0.41774811355350255
0.4447897371891508
0.10897574189386815
0.09597564286838153
-0.5476657065066829
0.4823256973288893
-2.0411230632291657
-0.5611155098921558
1.3340767365101038
1.0396962515801176
-0.7620618816739818
0.20379241341439264
0.522009563966129
-0.35222223091168486
0.17227018172393932
1.1473687772419103
0.032539227507966326
-0.2789616392714963
0.5013200141517515
1.8863273239444787
-1.4538855263662718
-0.7156649176737431
-1.8081719577162902
0.40774951830813894
-0.006922076189611479
0.1323981205912694
-2.1289895724564603
-0.40852607999000295
-1.280897349831835
0.8012692800644768
0.8940424796970453
0.013750723516980482
0.3165787973733599
0.4630728130484227
-0.09959015162276007
-0.9849672717699909
-1.7642950156499548
-0.7821914199195155
-1.6591291734932079
-1.0495488212385262
-0.06191622669487127
1.0251083491884732
-0.6155954089103028
1.1099673316384362
-0.117835989247278
0.19776679789201831
0.6193937502982696
1.990883612780201
-0.3629271359123669
1.472057466201309
0.11570492742141357
0.5138644839634463
0.16646022124579263
-0.9574099857392504
1.3255008780889068
0.5560138852040781
0.8699581406377084
3.7370831245955674
-2.4561619373577983
-1.122590748292972
0.6712723890063534
1.6601258454203858
0.17220200982768363
-0.6051207074660809
-0.49552465391228045
-0.3639111040865061
-0.8355273854496371
-0.7802658189613261
0.4782150088722624
-1.217648695785169
-0.40950772882904535
0.1537187433296408
-0.8983688307678013
0.3132243810589639
1.3750152059010163
-0.34047660971976695
0.38968351694801695
-1.0277575342154337
-0.013155863868780026
1.1865453571000302
-0.4524516809699581
0.8280736464473301
-0.2912927855114637
0.49245942639342244
1.425799026612654
-0.38923562005705864
0.14410146370709448
-0.045639192726668755
-0.7395202268925056
0.5320918931221212
-1.2951759659365636
-0.8444660917632072
0.10239511503848794
0.95515954046195
0.5535469433460795
-0.09539882746849085
1.366483734616057
-0.732956958671628
0.01278046673938729
-0.6231497304916676
-0.5925769566172644
-0.025052408590985783
0.1640913255494082
-0.08464386381365738
-0.1699870704895971
-0.2380112202517469
-0.9453839168341326
-0.15352099037328126
1.8521870282171389
0.43615437369245114
-1.1609933253226608
-2.265785931827808
-0.8564438443238795
0.9005765517117154
0.20491447508332758
0.13258567419315428
-0.8104273097143367
-1.5783742101794012
0.7158384350426302
0.6792131718739385
-1.6125422985859081
1.505565299857699
1.849472421248656
-0.12282638262144545
0.3894187929832951
0.12448887101705329
1.0522377608125326
-0.884801158556693
-0.9054842896006063
-1.1595454790531416
-0.6649324032905882
1.62116850291952
-0.6462045283283554
0.10536944513051538
-1.1103983715239631
-0.5039851067201779
0.2858979800810824
-0.9269995553940378
1.0505344850617278
-0.09335689830414377
1.213245292750716
0.07142147291880441
-1.0723744959836572
1.3891367091388658
1.7971628240609248
-0.06196643457682438
-1.753788843300485
0.5056458341253884
-1.0275517748158938
-0.2928235682441484
0.698765566958501
1.4738025169564823
-0.6093622039310358
0.5821184350543177
-0.6161769159027675
0.34449719011377256
1.230802551531016
-0.22460803263829268
0.48120566974620005
-1.092750996108792
0.24106487712348976
-0.40096470367989206
0.09393919737059105
-2.472712757753687
0.6950599115712218
-1.3216887347355095
-0.7068345222889117
-1.192953082797216
-0.058737859096772926
-1.4189625295449764
-0.6403477680623911
1.679549421487481
-1.6661077737881462
-1.0046993214794457
0.8190093688115366
0.1893491072300303
1.8317017904864874
-1.4954161783874247
0.5018397618033171
-0.877630601155395
0.35482538035505967
-0.5077785588287096
1.0561538864994298
0.2627612191227771
0.6238557412294865
-0.1309048043066615
-0.2366374802413795
-1.464711843207298
1.008548312063874
1.0049221810002535
1.3307702088082694
0.5448324421633931
-1.687069128471377
-0.3187247787392863
1.6282685721618002
-3.1821039666966504
-0.6041109756538584
0.5549218576108212
-0.502844481767035
-0.9557518575265477
0.7121643385355548
-0.9895723230804557
1.961973233643152
-1.6174619303541022
-0.5273047473109383
2.4993117022000892
-0.10387494842811541
-0.8641087034126729
-0.665522401427769
-0.6024045388387909
-0.3359070792016621
-0.3304994931462917
2.575439963514608
-0.5439819331333922
0.40183905112453283
-0.040097278674285544
1.7501947415774353
0.004425554019002888
0.10387068571488928
-1.0203316536361244
0.9865398073168121
0.31785803799776163
-0.10150307169729277
0.3934335618778887
0.6976409480971792
-0.2559229040350407
-1.185344922565891
-0.11020771555045418
0.1065177343007626
-0.013242983715202094
-1.5113933423125159
-1.0029379667833669
0.7407465181545411
-0.401533527949077
0.7255087845363436
0.5234117246473003
-0.9672839044697599
-2.061535371066923
0.15326868157662044
0.5276471873525391
-0.9507676170244882
0.7705525365950057
-1.7238839816281946
-1.1776877020019842
1.385555966661756
0.4714275882615128
0.5175073752235058
-0.42048592642056715
-0.32385514228066725
0.8103067977911428
-0.3743215766358922
-0.04284707175531326
-1.1630514828859408
0.49078902979388306
0.6487001245605908
-2.18366610033894
0.8153064038161361
0.17862261020683481
-0.4913195324560857
0.26895570647290074
-1.8483540141384405
-1.4100750053329034
-0.6950849762912947
-0.303436871159598
0.2835730507268658
-0.29197808978370465
-0.1013938294949025
-1.81220624229075
-0.9891704856656401
0.8357591322975525
0.3435373337511197
0.8233246769528899
0.8254155514085859
-0.15025183609798837
-1.0797731435428253
-0.6742845549552953
-0.8942466673178596
0.13869539657104993
0.7296827008687137
0.528226801011637
-0.618424797586352
1.0077971999279938
-1.2271027744548175
-0.9728748603156105
-0.9828413427212032
0.25688156528385436
1.098043915572645
0.3739246382636353
1.6342035887016615
1.0915928048504127
-0.4231759661082837
-1.678379965137496
0.5132416374276141
0.7059051296976904
0.45440439692272994
-0.5370082018285202
-1.180740683180837
1.232210284255514
2.66772125564037
-1.5678354157728593
0.20519424858939586
-0.9245499297825027
0.8197167977469333
0.0626383487502505
1.854315618715873
-0.024928190880119206
-0.3005389625985343
-0.7686867133552577
-0.2173897035010045
0.18230135165092684
0.21530089914830747
0.5188265642471566
0.7375896619969888
0.7132667988057723
0.6504546416574727
-1.2441193209064825
0.9399055628999814
0.20643664010987647
-0.44025624154877396
1.598884033123568
-0.537601344752858
1.4978956718152785
-1.2832224535358665
-0.41696882504431526
2.0024042716507964
0.08118189893224312
0.7027001664855379
2.38239534916676
-1.0203447340535372
0.6142584782853372
0.7898824104676901
0.4100373301030289
0.6982206642555505
2.3736715781682602
0.016522723640183562
1.1510981055541334
-0.0316075981878095
-0.4373274259641207
-1.567173685541765
-0.5068055375498275
-0.11090704840221623
0.5388979723854753
-1.0473555673875994
-2.09251066944634
1.121913638956018
-0.029362860975211368
-1.9236611047645666
-0.17033213386191107
-1.726641050278149
-1.58554186883096
-0.8986319240593064
0.18856998494342656
0.07051127205246781
-0.45246272601980664
-0.345570881833724
-1.4388148359912758
0.5061289684868661
-1.257925994662742
0.8799426427794406
-0.6249198123889494
1.0783658985653581
-1.7981363463637692
2.2564510745326936
0.18161562630998174
0.31530308575197774
-0.22759455485358585
0.5069716975118495
0.7110149186927509
-0.40764567395866275
-0.7326781375820459
1.0172988454637826
-0.1436797500596695
0.6767834025283062
0.5517238358571349
1.4272496003096187
-0.46489197965412304
-0.46840952229770577
1.743318670044745
-1.3789089844600875
1.4862209902440806
1.9839899039194424
-0.7057443930178073
1.6541293030627287
-1.0974353740143779
-0.10902384709634654
-0.7962282841881873
0.5405145571078341
-0.9157009933938783
-1.2871124927770663
-1.5696694737042316
-1.0451245787363133
0.6125330796639282
-0.6553905760684602
-1.0558819218618194
-1.901604419379782
0.6179122836912674
-0.7574800555275882
0.37364727160547706
-0.5922520144672256
-0.9030352535043709
-1.2787147395422491
1.1734901308489094
1.7811633886652496
0.46013231308713803
0.6414975987126272
0.48609506571207384
0.6234918232229252
-1.3465208617189763
0.4973039901624498
-0.6541026286479207
-0.3025450073916474
-0.6420796281164615
-1.2284862139694013
-0.5932363802690658
0.6937187537009512
1.0748604350788864
-0.30315900296810455
0.5866000884497449
0.8751702310663673
0.36433908093041417
1.0489004195484917
-0.44029504421039134
-1.9549643257594485
-0.1963925420552507
0.561512277468207
0.3479107964761783
1.8711598698610865
1.3857999873407176
-0.22938321149090074
0.8661764918767073
-2.2520878032495593
-0.9979480876667948
-0.5392705202279026
1.0622163222752878
0.2890440251538682
-0.8087847122936189
0.8928241143891738
0.3576278631203522
-0.3109692799309115
1.2005796397275548
-0.17898812285973906
0.31429879733237165
1.6234666893946272
1.1162235001394594
0.2407355567413041
0.8967578495663776
-0.07549064705211558
-1.8543530382310016
0.4026713468199734
-0.44501601988504413
1.322714971991064
-0.509171780059923
0.7404586361722171
0.41357005098313665
0.7448431094230621
0.46113600632522805
1.7304160789563208
0.8513170762619214
0.9872189410835218
-0.8060075299713441
0.7808216974370373
-0.4543664425039808
-0.043376155526300315
-1.7045057292060082
1.1236038963257
0.5801389970962166
0.9747810525967717
1.311769382713348
-0.0492147744727131
-0.4669444580346446
0.8151113082188348
2.046220970698248
-0.8160767613351647
-0.10745584016557191
-1.701482453648583
0.7405708145419932
0.10996034143270118
-0.30591749145402475
1.1901539138438113
-0.50065839076086
-0.34712633290832295
-0.8114816939515308
-1.1306922127474985
-0.2364308129217896
-0.1503931036269888
-0.4945339580300563
0.3343620035269959
-0.14194253850067812
-0.8468267547329982
-2.1577386077529566
0.7694569149523428
-0.5228988361006618
-2.2926646476481856
-0.7435160763984955
1.4487867568353703
-0.6233258185517118
0.9371111938710549
1.6235496894503996
0.8211298210808221
-1.249314441188141
-1.152396054785075
0.7397450492630169
0.5564833463856315
-1.1861365344045922
0.8619399048065264
-0.8236984705974115
-1.916456173003268
2.0281229515486063
0.25255717475380635
-0.8055442757330611
-0.645503014783546
-0.5471654840007091
1.5873890761939193
-2.695555223025679
-0.14787986986958232
-0.4863043098747146
-1.015991611326551
0.7029172942922154
-0.10050848686615531
1.345272775350959
0.5323808672541913
-1.2097770850059182
1.3745326438372096
0.49141453877817504
-0.7300809460977856
-0.8328265415996645
-0.12825358558903477
-2.0507524666972565
1.2032876116131181
-0.9701155459913998
-1.0529774989221454
-1.0624379580613164
1.0330536006475095
-0.9382395476212592
0.6061128660341126
-0.23119232651280816
-0.7485647886521433
0.8362793929247132
0.6023461855071901
-0.27810846931137145
-1.0773875856505306
-0.20012281491110762
1.7295204025544608
-2.0353644541256197
-1.5456179246265007
-1.2663481037593274
-0.3739751484950308
-0.17591369585749014
-0.7666805416731872
-1.134795205256562
-1.4036346420237886
-1.2473481757037703
-0.9840589860078081
-0.6174612823200818
1.525052147676986
0.7936991839810131
0.8566571410271361
0.8319520695437453
-0.5456548717566841
1.3224293606445123
0.9652630414094197
1.3868111873419358
0.8692709363515598
-1.500997418767722
1.3704401693922537
0.4114282851818727
-0.5936103217517442
-1.7055960273470097
-0.3590669189812008
1.3630475132519735
0.9550279294217555
0.41275292787742357
0.5431192725034345
0.447855240615543
0.3606150338743825
-0.30399955608383694
-0.3372979698143808
-0.4279430831214238
-1.3309475888859366
0.808609565544339
-1.4235977411231733
-0.05000756757851662
-0.033122680295978923
-1.4544464587112518
2.186192895006787
0.2733912752375094
1.0883445152089957
-1.432394442716681
0.989738813662717
-0.5625961441522904
-0.7961869967391064
-0.2701865437530613
-0.26703038164864057
0.42610784864931683
0.9291047759404327
-0.6184138570126109
1.5273793280255157
-0.39976491206314674
1.9273849090735085
-0.2621319578219047
-1.5938525009910927
1.7429232931624583
0.47500221346785393
0.3954331673053576
0.46644166681349114
-0.804296909538181
-0.7781958797804692
-1.976144811224779
-1.1711394174258154
-0.007415772475056155
0.26335166355443634
0.8583121739624938
0.3530725645170176
-0.8899674645113473
-0.22599143620187573
-0.4899149414684988
0.7651277804101257
-0.6184453719511688
-0.13997880187974546
-2.499141595612612
-0.8570058485162911
1.044914719507682
1.856023516318911
-0.698312883743265
0.6729097256278375
-2.239016299489268
0.10713881793089938
-0.21447615886073754
0.10423355361496839
1.2500584894403366
-0.46015821946847896
0.9611935467484253
1.8459327577016704
-0.9856528491431363
0.39976501692690397
1.1140127222919578
0.7294580272192205
-0.4021786184615595
1.1445405542774953
0.6715060839480321
-0.27019139482547094
0.27626882449240514
0.35420691703579
-1.4421849361066283
-0.7584468319798727
2.1264220952361104
-0.18859858363208795
-1.08143295032418
0.6182639764831498
-0.5276817823601199
0.1692715698035692
-0.21014258374097491
0.22199533055632525
-0.2797946077336367
2.030536605606654
-1.1575775234844459
0.11205685836118325
0.4060554697557723
-0.9458925160622492
-0.5260374577282758
-1.215068574399896
0.23743181407439054
0.7446006513572739
0.8710796136453927
-0.3552006108467842
0.5977849700652593
-0.24155460850601046
1.615048399443439
0.6193756316495432
-0.7258738848473079
1.1307463526271246
1.3214601369871697
-0.3169664470976643
1.1738151949839375
0.7383090152883459
-1.4904303420410645
0.13529577119961939
0.7296527127485242
-0.2934398016822531
0.29935802336505996
-0.7085577533579394
0.5347459713931426
0.29402893487902615
0.28834533703625254
-0.8115445834542914
-0.008764474169900456
-1.197987270547793
-0.866876682519491
-0.8897856003121177
-0.034700934433550816
-0.31592850213314455
0.1902634519924068
0.8199162818975099
-0.5319726301285909
0.6521181052720685
-0.18700829286219223
0.7370080217176718
0.4016271009833575
-0.5599529544921801
0.047354885857258625
0.669221659917047
-1.3642603305765983
-0.7997225839466834
-0.16598562671374595
-1.1074151318383605
-2.0338306849660888
-1.028648221577914
0.2968156881262782
-0.5978874546310942
0.9352328623424637
-2.1304962610320053
2.2258143547842857
0.32511465365418946
-1.7304202691324713
-0.3015552763863482
1.7855478330214003
-1.5447382428094822
-0.4011621586147343
-0.8795962222218975
-0.4056764902930464
0.37745466998073407
-0.5513656034042609
2.2570612123565628
0.41363938799599786
-0.5855040901105297
-1.8436087658383873
-1.9836943704469705
-0.09436710614987573
-0.0032970317934592095
-0.9981041849626355
0.8892023816701558
-0.01616532121723137
0.8948704658379283
0.42262334374897464
1.95797266927683
0.13754797728191911
0.1810322497978846
0.51632129896679
-0.01229233204814001
0.44219892946924
0.5428377033271582
0.6397824344219031
1.541657885656978
-0.15229323574005935
0.33715578291457804
1.276890281086132
0.521033091192537
-0.8572749845642195
0.11022010577627608
2.301055553801103
2.1877279708648807
-0.6852310201350879
-1.3469582760588696
-1.6094887276338845
-0.29952121561300554
1.4387220123515467
0.15658930770292792
-0.5971583917905421
0.22473362797217356
-0.94594827138237
-1.397634736649238
-0.08971241648334066
-0.062106951119914836
1.8836425865613042
1.4161857917458347
-0.8347007941231619
0.014894431745654151
0.8259841624400415
-0.012470137114727022
-1.4665040518835704
0.9125727032853539
0.4054598143184878
-0.18238924733439668
0.6430660222131983
-0.07853733972668636
2.0232224482728567
-0.5257163526228185
0.8332328674861021
-0.8091957284653898
0.4584957596918026
-0.2900348658176248
-0.5723587235610986
-1.6300107297036104
-0.6949899421503984
1.24644501161778
0.31231660469448963
-0.06935896183734076
0.31304716446466974
-0.13345826392395824
-0.8818684989363867
-0.3165619481138203
-0.22372919361082827
1.5361389010739628
0.8928368882968266
-0.7634812902731768
-0.0028109556806990457
-0.9346293753882317
-1.8051305540887967
0.148288229121056
-2.3263887886335826
-0.7259694076991325
2.0189430774253516
-0.7080854223992243
0.8696826200215915
0.7404614984093787
-0.42691677187629273
2.0680837477014413
-0.08362730035368623
-0.18559941997311075
0.07650072054634409
1.1479220090884388
-0.36208139258748845
-0.14315695006911666
1.9011562225237923
-0.13681596407802318
1.1858806247157494
-0.5660497947862223
-1.7443916997369635
-1.2276021118843692
0.051336140339060775
-0.019093637784867876
0.4031127318141033
0.7925401205847057
0.25729614963452735
-0.8371142915048211
1.2867543298850288
1.3459645079041884
-0.9278525983991746
-0.35434626194067015
-0.29414410672334557
0.6156624622024127
-0.05630380784623441
-0.10659274876933018
0.6136662920667688
-0.25448089998800844
0.3240558790446323
-0.4111270085856283
0.6037371172577513
-0.8382126186407629
1.0809612702240208
-1.3370546146352287
0.12657172698454255
-1.072761142900741
-2.529166685882875
-0.756400557484998
0.4964243831394437
1.7295745492886225
0.310122930893597
-0.7149259893471583
-0.027642119593147215
0.3045659582852565
1.9548156741065235
2.7727562336159775
0.48784174781267103
-1.3963157336424503
-1.6385239063810255
-2.2337089196027007
0.9505968333779017
0.45920561144651784
-0.3669032823964146
0.9616403639199191
0.5260393873560182
0.6039011835692132
-0.696259637515362
-2.056587035748827
-0.06619936647803107
-0.9908441857993487
-0.25552023685823394
0.5538095982204901
0.0428803664888207
-1.1551191451222238
0.26300451938403524
-1.0249768160145238
0.6403576951825538
2.566722246339618
0.08500788975700622
0.05313978712439499
-0.02828881189479096
-0.05699314197164737
-0.04552655554926129
-0.8336249381475647
0.7845997980636497
-1.0314339317885608
-0.49163545576527073
-1.3354127088607768
-1.916744624798833
0.5048250182264146
1.5136927966973575
0.42096014069139037
-0.427592582360264
-0.1143291829572669
-0.7353902196291063
-0.44142497255033347
-0.4728508984131482
1.615348579552416
0.9346759128564612
0.5863455995695976
2.114061923604595
1.706245630539932
2.087775977952606
-1.4824768379317148
0.30428367601379797
-0.31223302742718184
-0.056449319324711915
-0.02665126564972079
-0.2664504158470925
-0.19242108216758197
0.13045219916514028
1.6427291547481258
0.5424638500230219
0.15209064703952027
0.6998718391537105
1.0524515113186814
-0.7623987303902735
-0.1479287709402416
1.0328823856567242
1.7875036842684027
-0.11225191764084802
0.5901879782764943
0.30725014346634694
-0.5981096495274627
-1.4970063826044324
0.916893025003501
-0.8646559805592251
-0.32178434266825384
1.2247001102857835
0.09227583750202661
-0.08529550500287819
-2.8128881228611013
0.9446482115379823
-1.4503162702384602
-1.3271039343059046
-1.546973196600623
-1.7402729088345985
1.7183724906987907
-1.6754462805982109
0.19690312167730387
1.071541063990942
0.4719682611865584
-0.5329513514679497
0.8533573500335617
-0.363996512882149
1.1638388695199495
-0.08917499078780616
-0.3783645317658232
0.9981919661151504
-0.3477526365746846
0.7716179814427389
0.4866883826654129
-0.23341537010446564
0.6473416830485157
-0.879087569302279
0.17556967426028494
-1.54640100127132
0.5356049825771438
-1.226099977688953
-1.487790476952695
-2.650286466700176
1.8643568410304878
-0.5939390506672905
1.7736159598946717
1.7086112245135552
-0.38745948275530195
0.055707015452362826
1.2410383971022536
-0.6283290878647512
2.3639472031174873
2.484651822420719
-0.9028110819412765
0.32983823083558733
0.07873128840567024
-0.729937853153023
0.7967232249215276
-2.217207024379499
0.013008689117121098
-0.00022730133342744831
0.3043812353334517
-0.3646485191130083
1.4063793652517138
0.16162102622253335
0.16073940186181546
-0.4683416284242715
0.5322938803502099
-0.8493678530061505
-0.6572112855707805
0.2426237108323903
0.43396230587449225
0.32290004369417097
-0.45682284070209345
0.002866655616036147
-0.30220018843725965
-0.22993086146599745
-0.8985027454190483
1.4345316237256063
-1.4377383220152207
-0.19005995288208177
0.19023600412621755
1.75130975072641
1.7422951891666405
-0.08145634102214845
-0.33391566842654924
0.2842743998402655
-0.7891341029247647
0.21998483320546425
-0.7048355744901177
-0.3562363586348205
1.442952614155129
0.5756444942433503
-1.5907533826106013
1.385731716234154
0.6421323849807086
-0.07611049458373394
1.0106499354216254
-0.9482386416328727
-0.4891718951541225
1.8083236079303786
-1.0678766593685063
-0.08168229871086233
1.3456099745299215
0.8817762504273087
-1.66881427394634
1.1494263932651247
0.7904633827964119
0.6931099954495388
0.37965152363416094
0.38862610039394596
0.01306446959831679
-1.4615393344412273
0.33599492499261024
0.017777836110088947
0.17606809137296248
-1.5947516718971684
0.20198202131076445
0.6054088448153919
1.5065457126370903
0.22943981379501727
0.3330683137859804
0.2790779847486038
0.2723059494911883
1.4925500459702807
1.337624052881283
0.46479953610293084
-0.591694515505739
0.6212304083434875
-0.906345412940285
1.1504819565047282
-0.16184641483117912
-1.3975308925990713
1.0304689229487933
0.06590109811382806
0.6918028668595384
0.2596281193915415
-0.23980794706559772
-0.36922994864371783
0.46315261872365016
0.6703467469370442
0.2586577552563445
0.7305772209978338
-0.9013113113929228
-0.27747128426247397
-0.10304755377093407
0.7896187950856923
1.1592729563153834
-1.031641146289624
0.5182128304488762
0.007201203359507866
1.5998259569128306
-1.066197312867862
2.44474082967846
0.18450698262495274
0.9567974502481994
-1.6922663689341981
-0.29897654684259994
0.2863483056344721
-0.33338082565437993
-0.6402907238320167
-0.390546549864722
-0.2555167339017581
0.07957810291832522
-1.3512578513166589
-0.13315455183879452
0.8343801663752941
-1.4018704752146156
-0.44724200111803136
1.5588158183312277
-0.4213150769303418
0.12121021940652107
0.039743480650532945
2.606436500438851
0.34436836682097327
0.7895841554809228
-0.003515931281100564
-0.744767555095245
-2.4743359624824866
-0.06165756224290078
-3.604400547695137
-0.5428064700226382
0.40945794454659434
1.3506306581143916
-0.21248269556353216
-0.07429510366960793
1.303743110233733
-0.27494522720282055
-0.9530375444987026
-0.004664530710405573
-0.06772961997520327
-0.7616288134465574
0.07056723562564783
-1.5495886541748425
-2.3038309188371784
-1.9789853297274862
-1.2783377815155146
0.19827172442107102
1.484844440230104
0.07327474001687412
-1.8661175260240213
0.34873803812570253
1.2801321989934908
1.266557193109467
-0.6307999469588356
0.3378023053102032
-0.7315684912283734
-1.252261503290404
-1.0676433058813528
-0.059093310890021414
0.9540385005709702
-1.5586132516780875
-1.2089579608411996
0.16478907111438712
2.0999480717567978
0.20042358925051068
-0.3706867062146225
0.8637562776302624
-1.5044831236061031
0.9999560494049287
-0.4622252230448753
0.5889987784867331
-0.6414642610687626
0.015110102937522393
-0.6135306322956927
-0.08423936543767487
0.4750273410646916
0.37823008320715085
0.8996600204141836
1.4619710839413538
-1.2452359107962683
-1.7313554003267195
2.5019114085350536
-0.3691137560062471
-0.5567433405865039
0.3188787170508701
-1.309104425132081
-1.0158478950730885
0.8323058182258503
-0.7215479994314192
0.6354420612293955
-1.4301319329116744
-0.6853307873071607
0.11964148014415833
1.5654243652836077
-1.029742734545747
-0.22428335267240654
-1.462406675754897
0.5122367648974505
-0.19256366087624951
-0.8948851816315871
0.8218792215234177
-0.5273436098620177
0.5127992602685167
1.6053282140461973
1.3048847802262085
-1.6871505837166563
-0.9268531148744947
1.280023883437132
-0.2036474267305905
0.8641326121145967
-0.9609143080936798
-0.4394289261976549
0.025994253262576882
-1.9927943087421083
0.7132575521715024
0.7201486753192463
-0.2785264261622281
0.3665947408953649
-0.6642645223114815
-0.15842989551552
-0.8657637347229171
-0.04077657175781289
-0.8146165619580152
1.3794960423434206
-1.4051093090599467
1.309002801840873
1.1760740170192505
0.6231536063678762
0.2247358364922922
-0.07498533416099509
-0.663382070693064
0.5280483450739449
0.1674417565460321
-0.5915427523534608
0.18609433347510412
-0.4763697039830241
1.6282572536348838
0.6400673577348283
-0.4204712585760109
-0.5108783236734784
0.14461200854496722
-0.26352257238966226
-1.1049570157741062
1.4995295603340248
0.3957056035310438
-0.6682160802617686
0.7948871970164397
-1.479194265615196
0.8915863864898205
-0.5360226162259681
-0.3878708742939638
-0.6697626324208616
-1.4079237418712358
-0.7119207895896674
0.13414765232859902
1.4513497010379084
-1.1533524959949888
-0.2794504344566
-0.3594374622501942
-0.752294317449848
0.6618040329500727
0.5672799391749513
-0.14098973503294354
0.45519244211109
1.257296745919699
0.723401716440445
0.2192343615908714
0.26351442551849064
-0.1992865189846703
0.6153194414963776
-0.8160887646261662
0.3818409015027004
-1.3185484846298339
-0.291776167823485
0.29577310383240796
0.47411738420696753
0.5528515819016648
0.8234252832791462
1.2393645227150838
0.9417539814846625
0.6685913810267865
-1.24621921343186
-0.7931105151986954
2.1908048234836133
0.031127983994687112
0.2563270419197021
-1.236769088294505
0.7974314347121284
-0.6001098463110494
-0.1493873549063712
0.4834971406558551
-0.27011605928280374
0.13210466089648376
-0.5390697912753964
-0.4806861436125481
0.35739757501959213
-1.107135241085998
-0.5270452629541821
-1.2147711511439658
-0.8021593819146942
-1.0480273210993853
-0.39712711355461566
-0.9200129339327918
-1.7425170580773786
-3.309815221760961
-1.5915632412431122
0.015684966912680738
0.5359329774175099
0.49366281397289025
0.08223730917609723
1.7335878079554723
0.15075036815479798
-0.15964109499422105
1.5234454010612417
0.8943298528995841
0.7862447361475088
1.386010734129055
-1.1366904400061315
1.500488757008764
-0.6369926796257092
0.9542653967738634
-0.9842139911161443
-0.34841990829730907
-0.9003401108795768
-0.060215723709745525
-0.46874351433240496
0.31374737054001695
0.6359997479129338
-1.1477068987577754
0.15974641476406704
1.5454300450698646
-2.2643393399399128
-0.8873634784224123
-0.5417862925693554
0.5968264961553846
0.7874295369588591
0.9830327407567668
-1.8991297861027627
-0.8579044699129589
-0.6824446558816297
1.5970164789464738
0.6930027116900115
0.7828849916971027
1.2995555572380473
1.3992761813355465
-0.6598898099923514
0.2527797735423561
-0.8846683220449163
-1.322984497552241
-0.30419545538539317
1.0266001370600863
-0.32539038310019275
-0.4148740719361093
0.5117680008609963
-0.4130844179149405
0.7105235391353976
0.3321273401097524
0.2752863794740206
1.3226484635093851
-0.12445367165580888
0.5428870130016579
1.5514189587306169
-2.528766686672427
-0.07729344542182401
1.377325936224505
-1.6109255962679774
0.41317519170542266
-0.6149950773619304
1.452353850734992
0.49403798370796964
0.12562204515982084
-0.935018571285265
0.7519532576503931
-0.8801000507496943
-0.926146243398725
0.6704110261066494
-0.6414476614508808
-2.31643548222471
0.1455864304668067
2.014952770181608
-1.2251025441786438
-0.8044542709412674
-0.03191024786036162
0.8050100622248793
0.16063451981667684
-1.277117538956239
0.12255104851837062
1.9428655444769307
-1.839455212389446
-0.24516477516373514
-0.7405156581209129
0.817956756957921
-0.023576901641675824
0.36969748424932714
-0.08601679655552205
-0.69038844454369
-0.4726240377014938
-1.9676517206253459
0.8931914058518218
-1.8488218208067546
0.5973140961145712
-2.521745621819317
-0.47450693906281793
-0.06411368067855978
0.6804648124486443
-0.715665831638554
0.006251135017575124
-1.0534233630033971
0.06645614572710033
0.947839923710123
-0.39731462153128133
0.35322360955370535
1.2660750124834792
-0.5405340064093259
-0.11362760402704404
-0.7397614028027579
-0.6475756722775338
-1.221808780302298
-0.5424098853958619
0.23099689933705422
1.252645897735211
-0.2224434019621685
0.5465965811244511
-0.20171512412124198
-0.7239518959764133
-0.020381467503856655
0.06212248792405563
1.622079717733663
-1.767795355902787
-0.24098134283208617
0.07264661378813311
-0.23105204740127044
-1.164331429120463
0.7722771196965262
1.6684987664043638
-0.8169739073422386
-1.150303237391936
0.9027051350797265
0.5434068591202134
1.3341708615423362
0.6951445496089659
0.287399709835415
0.6125091567534267
-0.8696304102244963
-1.1896324932068854
-0.37073212282530266
0.20278360755331543
-1.173381858220443
-1.077640401365921
-0.13252120682717033
-0.3719993502854644
-1.676706734572655
0.4545431308290663
-1.4161051833817213
0.9456542241600158
0.8589408307622068
0.8052299791150593
1.2133602561428698
0.7399732840902367
1.0255269164353653
0.4930954002696234
-0.8050577120363384
-0.6733644352326399
-1.9745998510031597
0.9553678692732208
-1.1424033248584897
0.41253305626113695
1.5457216188558764
0.9247046675994224
-0.12007370989726292
-0.7778835113454404
-2.5342013972793893
-0.07586003348521288
-1.0314294652253984
1.3123755506449803
-1.1108110532570112
0.021423430842308574
-0.014161850254204656
-0.6206492029013083
1.4609103947536461
-0.18383323833661375
-1.8847560528238982
2.491686467561684
0.9956707605658023
-0.0616156086019555
1.8011118618473696
-1.1687791438110862
-2.0395724174793357
0.4917418212763095
-0.2244632019579356
-0.1213865346887686
0.4074428690195842
0.11880803111050947
0.9152577528555093
1.1771661184651807
0.7129842735113693
-0.7814156859810492
1.24594001777435
-1.7381745231718964
-0.5224387351061761
-0.3540341193067951
1.8484755730129856
0.6579368290129627
1.5449742496702963
2.075861106997407
0.6758504746373803
-0.01609936955541911
0.16853635206492523
-0.48361951142191933
-0.23354501905419425
0.48325945910895174
-0.5435314829501506
-2.0232817945827
0.5748183423827868
-1.0161679681410842
0.790051432782407
0.6212391191122417
0.514178965939149
-0.9431210613710003
1.2003256597495473
-0.8011210984744448
0.5555110351230019
-0.1688443725317718
-0.055938284046364306
0.6841002349318099
1.834197636520497
0.7927471841020787
-1.2865737453086012
0.7689820117321072
0.4496415330402017
-0.0919188630186584
2.30188892420465
-0.4767561261793652
-0.3887829732594499
0.20567090986816136
0.4417039927843823
-1.9631653235047184
-1.6127557420848007
0.6120018767095109
-0.8832400375755506
1.6094041496853144
-2.242256051442787
-0.22510446658290653
1.9908438981581686
-0.9118555632159544
-1.5285966218208418
1.205926968041936
-1.8038069732248252
-1.7217908410922964
0.5943196861236764
0.7512755399404659
-1.1291330540022164
0.29332368824425586
-0.3852520311764688
-0.4995019596165052
-0.38216106605579137
2.2405098150652836
3.2387771327275217
0.704348708294772
0.10316690203581579
-0.8212662702585172
-0.11010901991631823
0.9253289419667785
-0.1346359659840889
-1.51770545991479
0.013996534155778334
-1.2029618284373622
0.972735149638535
-0.5965995934842371
0.780450847918793
0.8967239469059615
-1.9410314600996768
-0.22068269313245328
-0.9110708531307773
0.47770515221138465
0.01762039884358176
-0.7949872727426383
-0.12094867319140605
-0.045077839825012296
-0.31016301021126425
0.6818540115921636
-0.06394999266030088
-0.3663777898156972
-0.9775510166324693
0.12990818189042144
1.0999064156005214
-1.499236001494559
-2.4615324990254264
0.5931444804884533
0.025297428202737796
0.9146151608292711
-1.2964852482449485
0.3066258703303506
-0.5851732043415028
0.5715751705687785
1.517558515925184
0.6764121677444734
-0.4969933332999629
0.10095018591957063
-0.7743182266010165
-0.12402025545712757
-0.11443765855134887
-0.7587148921344503
1.6481930590695382
1.1864044647874736
-0.34708204369852325
0.3939902885823198
0.6893930264232112
-0.49642988163507323
-0.9499835442783517
-0.11200646178588106
-0.8885305337453092
1.1038632256686247
0.9107027596684995
-0.1959115981172863
-0.6613497937763543
-1.2753393989167747
0.2666827281557445
-0.9383273366128122
-0.39990117206829834
-1.4654186363406756
1.2347058745291655
-0.529253222380618
0.9894793248798234
1.9613565804451898
-1.4203405877550355
-0.7443478365746061
0.175904155638926
-1.5973497494869802
1.1411824113151978
0.8049908891585313
1.6379250714089386
-0.07321308348542555
-0.22324644064356677
1.2901558128019373
0.1943364659453964
-0.8119229619659695
-0.5333821804933087
-0.43403342834057534
-0.06668134423941723
-0.42589207103183463
1.4877333426009285
-0.23929939367954228
2.173201536252452
-0.14758337735622654
-0.5231877403616357
0.7711603445422105
-0.7057744289428514
0.63576158724695
0.17804092618306
2.1250779015995502
1.4348485273278755
0.7037257175305526
0.6441738547970015
1.4720364107440886
1.2076938788867775
1.6121974389690032
1.707715513580023
-0.4853395417113484
0.5228895615897536
0.23256442452681306
0.22619118378546288
-0.6012743643143014
0.06758468076737156
-0.31540606558305906
-0.4759302274541709
-0.1836769739193207
0.7451992716288937
0.44896429382663733
-2.131507958093873
-1.4981820972155024
-1.5604499311362494
-0.03857592213263286
0.3892109439031651
0.08614178477086633
1.5601861366134882
-0.48890090470710823
0.09541026515008975
0.07517053218857485
-0.757643878590622
-0.8544894347912416
-1.7400627328861722
0.771684327830937
-0.6081182726546801
1.6264091966378689
0.04734029746519872
0.16738537090244637
0.8878536780229825
-1.083547474697603
-0.7253537494433502
1.7238583567322028
-2.233634011161919
0.5837652476552455
0.8139919705842783
-0.68789909421715
0.5694464644262017
0.5474772951675998
-0.05492859919324794
1.3080965945931542
-0.3765222692571439
-0.7110350743591581
-0.22565395376302408
0.4330104985274747
1.2451872049244388
0.19406905877825922
0.15694876956812767
-0.11015357702172619
0.13846703595067394
-0.17472526727986093
-1.470104427741811
0.09669168041613503
0.41612095851009123
0.734187583567229
3.503910895097488
-1.041835266291053
1.0447796268801184
0.8108682287345815
0.5071391413402078
0.8769752446283978
0.3626611890566496
0.6170668284942451
-0.027605905983222705
-0.04846112985925476
-0.9781689768220015
-0.5928321891275055
-0.455121988380159
-0.8056653851017598
0.6834444601555932
0.14814964875281908
-1.1884451758504209
1.5361678938675134
0.11823427711748927
0.983709057515965
0.7664349646369589
0.6494054984865477
0.3937833183136757
-0.396967352634956
0.1207791176304893
0.46113180837830664
-2.090841517748103
