0.46833001104978783
1.1074849325991771
1.0451688074391605
0.4002586964635257
-1.4855416249985338
-0.9996140435868909
-0.8418379907242224
-0.9265160394162781
0.06440578980839479
0.3384627625546515
0.8103580455854795
0.2590843097434862
-1.034791072186235
-1.126776099701281
0.4402187784257848
-1.8182348525071141
-0.29692509602292627
-1.217527980976085
-0.4683779102632105
0.5758398682730986
-0.7475652536932529
-0.2624445233998975
1.3716813876003509
0.9447639807129804
0.14396824411317613
-0.7204049947233434
0.340192523400979
1.5330580948033006
-0.5485757629248114
-1.5805198690567637
0.6315721131791806
-0.6059715236540415
0.17022614210612247
-1.1351716281608362
0.17324986270027523
-0.32879024809158686
-0.33225988641367077
-0.4005956119638429
0.6121411526812403
-0.5790848012824019
-2.062476115465034
-0.4498580398163806
-0.6641151177980683
-0.7648269107326646
0.7438447652611258
0.5324541749448176
-0.33893120026356294
0.35887639689665835
-1.8803239322223115
-0.27841167171151293
-0.275245864162753
-0.9921023395758303
-0.5862957649584356
-0.038539134484185826
-0.6663490869596939
0.8329548521736233
-0.8104483525685438
-0.31924072103445633
0.9991428503058976
0.37071805197118124
-0.20407784288791267
-0.24601275595187394
-0.9985057661815168
-0.5672537520971802
0.5456267627676131
0.09708657751424951
2.061578044511594
-1.468360623075391
1.3011018750322356
1.1474032849725069
1.2737549733803506
-0.3611325039091392
-2.0675820399081117
-0.4541513327866595
0.3554692573905355
-0.039858958020001015
-0.4404101317821454
-1.593028038402452
0.7028748404034831
-0.10783359439161275
0.9331282099636787
-0.4042075309704357
-0.5294466036751768
0.4071730391199124
-0.0024673784278564322
1.3749220554535482
1.8472153955199098
-1.8169899795040685
-2.473242438547761
-0.5282543581746557
-0.6398599144232285
1.7759507680639537
0.6846414465737205
0.9626434651681501
2.1940861218233176
-2.2627520013013815
-0.1930469040507624
-1.9452037726386389
-0.07726433301074306
-0.06867777447480641
0.7723893763856516
-1.0232515783325893
-2.2294881561316218
-1.2859933419558205
0.201114573999273
-0.3465348818839041
0.6828628447006891
0.18969345094049192
0.1737474751544227
0.24724939811216853
0.18238276903460435
1.2432569794600477
-0.16858284950055763
-0.628388521951374
0.9024361853911192
-3.1100699541570496
-0.04782972367653175
0.353569866525867
0.03475892563712125
-3.195983799938138
-0.39523194862121164
0.22296389974566355
0.9134850179448273
-1.45788983086826
-1.7378453800991804
-0.08568963208365593
-1.3715075088780606
-1.4473795529704734
0.33221142418445976
0.1548677403876143
0.09152835711177225
0.5860789860727451
0.9290605497160094
-0.39032250737052987
0.735535236841648
-0.30254781278590487
0.5533131545115865
-1.5749813984650465
-0.08542788541955265
-0.37233626531938135
-0.983888688756587
-0.9213559516315674
0.2685226499115312
0.47254699202765216
0.035843615615502845
-0.42306467143483806
0.07570193549784948
0.9160739225041855
1.199245720890511
-0.7707435685631825
1.4231474149026329
2.0267127172922113
1.0981312196623634
0.1037531730043121
-0.3013746616278684
1.6097930507354592
-0.02408760193327058
-2.5316238749663222
-0.9360300569651787
0.1325559237761304
-1.3509485833376
0.7840463540327157
0.9636682888514365
-0.5179880673136483
-0.32335768209271437
0.2814919725043324
0.5908650543817301
-0.12954229545298165
-0.4393665673084049
-0.3042538843648131
-0.0115785787668843
-0.5711373585999793
-0.865415793580211
-0.40057379818324895
-0.9665052709912315
-0.6823493083036302
1.4576919629608838
-1.3719869803590077
0.16304716561890706
-0.9113388988366599
-0.4116721005556025
0.6699263452768914
1.8748433948450858
-1.0184114589627036
1.3542672599201695
-0.8156507988204763
-0.35491032842965314
0.3486676799578144
0.5777104548890435
-0.9785242527779192
-0.8279089268014511
-0.7657285931121836
0.9914820635582599
-0.46127017162491735
1.2496579910241528
0.5542671047932385
-0.6908079359836051
0.22371492067295765
-1.3182070744200913
-0.12697908239384728
2.7892508866226216
-0.43631840236788827
-0.22299590652187432
-1.3835336234878344
1.6557194504041415
0.3393253752508022
0.21184748354702196
0.44247656439279
1.2650712002127849
-1.355144551257933
-1.8649462213102168
0.14267931431726674
1.3115037744397824
-0.4174934296705558
0.3962645387382009
-0.6154438369964048
1.3416038933289238
0.08642941680344877
0.35929422733846395
1.4563000184087154
0.7573887991392262
-0.6887799549607185
0.7637214187756124
-1.3379212667845695
2.7312143827295627
-1.7370418195456474
0.997495756308909
-0.5406505479317931
-0.1853759829888198
-1.31306683147425
-0.8347349082242113
-0.26275569316990327
0.8081508979095106
-0.04440572595382334
0.45636036152115733
-2.022393714896485
-0.4667178750176741
0.7679955622201405
1.4212988798800552
2.3240087279722754
-1.1704130852106236
0.5988647821469639
-0.24290674802418616
0.06852244818003302
0.6787016749437322
0.0060420409134494925
-0.7437138556780472
0.7429590099639645
0.31182211913698826
0.14447637733716465
0.06091429127497112
0.7502456586745206
0.5830359669564816
-0.07422866309416679
2.372916413668977
-0.1465299426167278
-0.5594730063698515
0.7967358298194153
-1.6610699691042587
-2.5204839698301025
-0.43067354523223456
-0.10027803466573997
1.4483096550679389
0.322381856298399
1.3142625349475556
0.5966728977416558
0.21584714148679296
0.33433589877856074
1.7922783603749894
-0.3222528499126595
-0.3151462354542887
-1.0602538620645012
0.8836464951869278
-0.31041842776058653
0.24649629717026977
0.27138063693304765
-0.31920668027342264
0.6034536472826796
0.8566260202032275
-0.3515391217804202
-0.7662379791907632
-0.6628618059552797
1.9873679442232197
0.44780155090436985
-1.5288672670761492
-1.568129365827078
-1.0218688837444352
-0.712160698633902
0.47359650524383606
-0.44585867751703523
0.4535269229179888
0.4497677575169197
0.16526035911592518
-0.62070261624674
-1.237970174195829
-0.20423231979489376
0.5439175486388281
-1.3295395550299691
0.8910360397070902
0.0030025144916123337
-0.1870817862275942
0.9953663616953151
0.4335209572611438
1.0803686089172264
-0.5332135400336355
-1.439123846758521
-0.6556937653613559
-1.7001661689766072
-0.11225604883962173
-1.5356016934386567
1.6720030642564552
0.08357643064441252
-0.2671059543002294
0.20563385500209588
-0.6051194803662283
-1.5355127339768362
1.2722050184014018
1.3418285616932986
1.3921076528065988
1.1363094254202204
-2.904466462950701
0.3497728974735131
-1.988631579623775
0.9224942034384915
0.04183640195094896
-0.14001060998437426
-0.9929636636830721
0.48545244567151613
-0.9983326819869973
0.7677835096171531
0.35951305920533827
1.0863398965228477
-0.14462342287897806
-1.3148433191163553
0.4090598432460977
0.17583341791353352
0.05253472183116785
-1.0685202313776387
1.159777778152929
-1.1087171527674873
1.6202329423042856
0.6725025796902264
-0.2747970255482511
1.4042760625215187
-0.7772075499078812
-1.552579282517544
0.31141120766425234
-0.6391200460531543
0.7490833217414384
2.89705533234393
-0.3665308365207571
1.2407189482346321
-0.4178404234706412
-0.041014522227816534
0.3400902721244447
0.7407681450730944
0.7431529871768122
-1.4420559327593072
1.1485799932110676
0.7983290697208018
0.1138545916092797
0.14077479218400218
1.3968201496769639
2.8104193484700906
-0.5902174842784088
1.064930975206826
0.9978054009435191
-0.5997788429483125
0.8072921519187906
1.1618474310126754
-0.5305604477343764
-0.622087494845805
0.09614855612066199
-0.1756271300999402
-0.6139223809401992
-0.5055087145236977
-0.18081732246803142
-0.8671326701424569
0.5107451049146788
-1.2626866649579815
0.3803745043001888
0.4274562877930626
-0.237168550767023
0.6680466412349128
0.31408724940011495
-1.3753596540632973
1.0287776819025267
1.306251045513194
1.2651663213670141
0.3444384188242603
0.5030444369986411
-1.871109959705874
-0.6121310993306307
-0.3622897220184863
1.5141688348548032
-1.901437261153022
-0.630842198193601
-0.270478572578021
-0.6528833712779383
-0.8487348071233665
-1.2145092557617823
0.12953284418144534
0.5292541861249319
-1.0766979495282327
0.130259560235482
-1.4221198501533783
-0.826807636280664
0.5667006255030484
0.9620671349775887
1.7702071783138575
-0.5442331764801732
-0.24027176283536228
-0.24671193817096979
0.36286539740947277
-0.7410010167606841
1.032017725364576
-1.6798648795160012
0.07563506200625901
-0.026657540464682244
-0.11980060085393908
-1.0966496099194374
-1.4656322302861067
-0.7381695946880737
-1.0207275118211037
1.353548830859733
1.7822914312990212
-1.5973929599143832
0.4840099287137158
-1.4419892711804196
1.3432432392819798
-1.335026964620188
-0.681851011259347
-0.27352419898358754
-0.7888943518494324
-1.1053838398384759
-0.8736352554931064
-1.033004310313964
-0.09963781412760277
0.20140730132695137
-0.4240799641499033
0.4130862512860774
-1.038708801977529
-0.3654996513381306
-1.3436432751899599
0.01543392245807633
1.5422716235392306
-0.11071435840200233
-0.5029103463529725
0.7021072521013194
-1.0808678953994277
0.3622990553462112
-0.21660338098461238
0.3853705128432307
1.172177547798492
-0.4620448463347717
0.24179734339701023
-0.8445836934253008
-0.4118994593749817
-0.2136823485506376
0.9771425019478357
-0.7000742237723937
-0.7678239822693799
3.2728254574391964
0.486613848509146
0.3284382774448355
0.22557482549162275
2.9284325252313024
0.20547466300874428
0.14187820775958288
1.4326512438239414
-0.40307994996398006
0.6962381836404746
-0.6546957581649031
-0.06446387488592659
-0.760179100458565
-2.1933017530399166
-0.9559984351473159
0.5270776151253658
-1.212098496251551
1.5801509210088125
1.7008754447392131
0.29580203976943453
0.19004423672764484
-2.4283899332617835
1.6113938268528025
0.2219312723799782
-2.330095140104768
0.5194683569210586
1.1962353263004633
1.0571612229214615
-1.0751560895338106
-1.8336515679897722
0.6361845145631086
1.0958165853242774
0.09946443952376208
0.13531770583262348
-0.1525420725961635
0.6523091543049773
0.25908365684016577
-0.20961520543218237
-0.8190247804534234
0.24575808800738738
0.13431092081959237
1.0770303754689052
-0.41004755291958217
-0.23951780129975617
-1.7682576306216222
-1.2220956000799383
-0.7392878785416677
-0.31808674600312226
-0.24619259630380388
0.6711071739399399
1.0015274522706623
-0.8659571026248213
-0.41967657362509364
-0.7182315986871024
1.1834456448328863
1.3857349903180927
1.503835133430209
1.0552436886706247
0.6362360101142359
-1.080960509501805
-1.0238227548270122
-0.23106351971766065
0.07184367096586279
0.3215424429818391
1.1854146025808217
0.9869864869115258
2.1363015844707087
-0.721126216036952
0.379331030784892
0.6043379212378781
0.8155969582815267
-1.240730926488161
0.08917997023820962
-1.3865843599053456
-0.37760666438601903
-0.14425182437811473
0.20744498148108267
-0.46608354125017704
-0.6181245560353448
1.370005742182016
-1.8327523131839296
1.6270217792618205
0.7325841864587282
-0.6445456000309769
0.19564705380950834
-0.20552834087926528
1.0294295561181477
0.5973913094685788
0.9686134254440837
1.5881315995260183
-0.807867696853502
0.7606150728405119
-0.10356084748359203
-1.881041976036238
0.03775587721832513
0.8309771925816304
-1.0608916387586627
0.6768881340802166
-1.2736570025810487
-1.9153727564114178
1.6909422796885722
0.46834452200988413
1.916771340270253
-1.1820567085287619
-0.3888696678017016
1.2423243745862602
-0.7216405482231181
-1.539660354735639
-0.04676348924857845
0.6047467617903933
-0.6535954085998763
-0.38191153810435535
0.6587258878063379
1.8878062960269124
1.301621312233462
0.6798293342408963
-0.40180041366422675
0.23005238187608865
-0.1230643945496454
0.9664709521614122
0.04166878560317536
0.3710542250611205
-1.1759183355852187
0.6831500599216344
-0.48853955985059305
-1.331007618683051
-0.3856144712387898
0.06921263615323608
-0.17065235648792018
-0.1919153470373198
-0.688971035897838
-0.32844755684668625
-1.440966997563568
-0.4937149155949288
0.6278071761303756
1.4694279385919768
-0.2097843080700378
0.6666277375605681
-0.27759594151196315
0.3208545048610616
-0.4624961950752513
1.8350619548694342
0.9529854746636316
-2.0633599614170395
-1.5632926269707503
-0.12329159168577249
-0.63050055455115
-0.26114327525481007
-0.49255149319831554
-1.222363401964442
0.35587719426043096
-0.5374457234623133
-0.15113557124801683
-1.4205584277795955
0.23139556229673375
-0.6228443508261876
0.2849426749873329
-2.2116219900712295
-0.06760314678581496
1.7060362583235513
0.763498191457803
0.8901268861504263
-0.8080558868022547
-0.6288282118693335
-0.5736108828758041
0.5452117944883604
-2.469267671714674
-0.8582981356701709
-0.34705690277809137
-0.41998430952698446
-1.3559930936317122
2.2875050749807984
-0.6164083798125269
-3.333462148835089
-0.6624959023103136
0.1108388407272576
-0.6822484396674615
-0.5360415269803142
0.020868982528891925
-0.20602669533003337
-1.184592854278183
-0.6842891163627385
-1.9896585124679123
-0.2140559213705731
-0.8619346504203375
1.759319484385209
-0.04520570099882741
-0.2150968359676948
0.15396949827628562
0.8995462990417992
-0.12320199697534359
-0.03225891861905608
-0.5966835825110827
0.9271220780144274
0.6941392306469338
-0.6493449715580365
-1.473091695286269
0.44938197761597937
-0.4619177293200095
1.3928599733662255
0.03742827031586939
-0.8654682923371761
-0.7774572686995543
-0.24491850532350784
-0.8378363003900093
-0.27613479630357324
-1.3198178550728916
-1.714817250646899
-0.1734324700542862
0.6412468072263451
-0.8650824113962974
-1.1928358391010196
0.349176535997864
-2.496554323654688
0.5620487028773309
-0.6176902848713893
-0.6430573720088492
-0.050538066307680644
-0.9672349777108352
-0.4027956685445834
1.0861693150112102
1.826125805264991
1.2239145751663154
-0.09050778296632188
0.6424584752716134
0.05929169122593098
-0.25784783682736484
0.30334158423552793
-0.15628413990416534
-1.4654464834798706
-0.187310042668132
-0.35205206554729
0.24156071022191875
0.6952539533400253
-0.297631458953281
-0.44555123044972345
-0.4346211983417524
0.16954616171803066
0.5103994822849167
-0.6258552170004831
0.5223535874954159
-2.9947149930905548
0.4652539202679073
0.3869505239885181
0.8129857914810882
1.0543173329616868
-0.03998658827860914
-1.201825290974946
0.6111087839812739
0.25059817511881316
0.3105386928059287
-0.0702248660919663
1.7789266684526919
-1.0902937167602158
0.13363825435115567
-0.12695713140332673
-0.21495825229859736
0.20205169791962702
-1.1598006801523897
1.7990856283869499
-0.45445966119255815
-1.406095752504169
-0.006919011265695516
-0.09860569499820078
-0.07090537670507911
-0.8656516486803809
-0.6081258394090465
-0.9823229686672749
1.807471999243619
-0.8858398228448219
0.8894313847459818
-0.7166068849261961
-0.17959265005359457
2.4685335182375283
0.21491997128428092
-1.3504219144008762
0.21466141382231016
-0.35976746433753093
-0.7496540765768728
0.1476916730042046
-0.13017889173078395
0.8195074944415833
0.6286807817775927
0.7496436463329941
0.5332872165852671
-1.5044956624923767
-1.06355143231594
0.685129415019658
0.06748301198923518
0.04206191895262159
0.9609249366303048
-0.23358592409140425
1.6578743619118632
-1.5230785381032457
2.634032226394591
1.275400584718547
-1.7132790065709955
1.4371971048305339
-0.1329002173749377
1.3240310094833407
-1.1314694352845127
-0.3843382319381811
-1.3336667724061795
-1.2345823182772173
-0.6819374209662586
2.109698697490886
0.7811417626393448
-0.032031023703383024
0.07983312945707201
1.0978261085598517
-0.7041182775246736
-1.1853742206306879
-0.24505665776701457
0.42767542295937006
0.5451874632014274
0.18583699285552419
0.3124729535886204
0.4744260488652548
0.8694404917623197
-0.173268115967145
-0.5780089030534064
-0.6926243676879312
-0.21123322895976238
1.8924778170729755
1.915370306047197
0.7417093128798287
2.1259732840758407
-1.1264481440782483
0.7437408505995404
-0.4079551859115508
0.8794994244371549
0.42308570624052805
0.971475806783461
0.35065271758097355
0.743788102975979
0.12981430351986356
-1.5034870121952777
-1.165921329026288
-0.3105886630387078
-0.13986029557754365
1.9377559728329614
-1.526363904969984
0.765727403688853
-0.5478516982129161
0.48746542762286477
-1.339854844740311
1.6447501753165648
1.0058697702123736
1.0161603478363421
0.06894191872534919
-0.3644851468916636
-0.16721402834876253
0.2410228031111381
1.8544601410127028
-0.3387106101739661
0.13376641638899836
-0.37923409272353475
-0.27727105881641667
-0.2142800955290829
1.3011417849227025
-0.5883416635510353
0.37469225832620073
0.7910201224849074
-1.895163875383712
-1.7137813289993686
1.0747870841240286
-0.543998064678854
-0.19136310404598295
-1.018842259287822
1.7306531078592808
-0.948110455424946
-0.39986271921713085
-0.7847033748095754
1.4160548552036034
0.03441882742848132
0.7689381149116282
1.3480667513140263
1.206837846420682
0.30847919360301085
-0.6100689142691929
-0.7735280433954118
-0.4790703551393692
2.1294211078560923
-1.430045558492313
-0.27838134026444805
-1.0161617991366196
-0.034042990330015614
0.5709930935556072
1.4317351037152801
0.011051613564648309
-1.1753294060053394
-0.9096298242449129
0.8563493992824677
-0.6435304986900887
-0.48371046317779137
0.6498371745414114
1.7886805650666981
0.5886232887208884
0.41327186249922976
0.18878712498326322
0.07297095439400982
-1.5394572424458741
-1.6213213371846151
0.27632922440576035
0.31799641980954024
-0.7942622540556866
-0.9209598269644033
-0.12596780565233068
-0.6588119740498212
-0.9227466958719162
0.6349521145802355
0.047890742640545714
0.114062059776161
1.6703128727446646
0.12165754443006305
0.9837935997090911
-0.07788193481570584
0.11960617706783468
0.1542199103752853
0.4324735226012064
1.440390837472757
-0.36462244363489876
1.1685114718883407
-1.229208750146424
0.18788080966350196
-0.729153446192215
0.1992718942410163
-0.08747565307559813
-1.0925833284324962
1.0223575009658803
0.08602514694858977
0.437965551769508
1.1915333398645263
1.8197290231848136
0.085268362425191
-0.22114015727313288
0.7337376309926533
-0.9487394787050438
-0.414790755024288
0.748550820046235
0.8194309971477506
1.020067439788124
-0.40350280080774703
-0.775588629978224
-0.9448156228283772
-0.4587334521115144
-0.4601996815841626
0.04244810450099261
-0.46851802628550765
1.2233542704485745
0.07868069213850157
-0.8479018643639025
-0.403768433520588
-2.148130589910468
0.4021562950658398
-1.2669667400544793
0.47876397518287744
-0.10867478468554105
-0.8496017510715707
0.5448161639407966
-0.10107614039254549
-0.8477827646086983
0.2683899165887129
0.3137576719429408
-1.6119158590869667
-0.563923921814791
-0.5860961150528282
-0.21431933156647584
-0.3431791113436218
1.7412426649316544
-2.2296424408970705
0.7511719472463567
-0.7141721324501868
-1.459187800140072
-0.25906644499826437
1.0851065879966897
0.22331141840835458
0.14009216366570254
0.35628209033384095
0.7161019215214791
-0.8121761323298099
2.2660688750791356
-0.7858978441564712
1.826507524265133
-0.19943939927002763
-0.10314889884338274
-0.5247576244173212
0.5437085652398268
0.9140464011159528
-0.7565462181546487
-0.6976866080266639
-1.611371277307253
-0.12184590730170675
0.059134305004611386
0.7503459462535103
-0.27869758311046927
0.0527176692814555
-1.2541797586080172
-0.6681427751992726
-2.1079700482147836
0.07575420480948394
1.3256441360873894
-0.3504217944075629
1.3807878495917962
1.784882651737842
0.00473543308295781
-0.029761472157636665
-1.591339317139578
-1.2250354483796644
-2.71716636138688
-1.0068886652945324
2.1257935634340996
-0.6950230182260023
0.015510104517673545
-2.603080998041919
2.4890202278956193
0.05161445062626958
-0.2889623082245881
-0.8831827525709336
0.2662634454639217
0.12866652186106348
-0.5905458664237307
2.067966284449845
0.3380615958250223
0.6360613099277012
1.7391996050705363
-0.042463923488546086
1.2846914638662648
-1.361177933762108
-0.25630161634630655
1.3768107021980567
1.111214062628268
-0.08994934627134249
0.17468817208023557
0.4080665489291221
0.6542435930102292
1.1207297233170856
1.954064044496433
1.4026620570069017
1.176560790559216
-1.6479771459855583
0.7052504019808367
0.046819550615224526
0.14860389261768583
-0.6023001991891207
0.9317039234889728
-1.1599850768716187
1.1099596149617565
0.5623140275941361
0.8468796183856004
0.06819938636681998
-2.155355611422949
-0.5030129217025306
0.5497079154892119
0.6849416386282174
-1.53750984994914
1.0977506015112026
-0.42654436777764726
1.271680258000688
-0.7309163579018587
0.6128833175275681
1.1462897640935426
0.18968717650758368
-0.680381330619622
1.1972650969041396
1.0136528694620281
1.1333859450254344
-1.2541611949285196
-0.1714018056821136
0.2677104010174649
-0.9474078012564238
-0.11271886754073512
1.1846799132750547
-1.2082682400660574
0.01479550645516811
-0.6638660188174736
0.9319911100073671
2.2000965048403205
1.654498310542605
0.4007088362201898
0.13124174703936423
1.017005770814401
0.9631124625126769
-1.3249934478608225
-0.5041466413728647
1.4809785245271694
0.6543372029944821
-0.2003319271447057
0.8365143238992075
0.9137410775907262
0.9440402012295531
-0.5501104559559875
0.6651482399682748
-0.8816485003421418
-0.17743430700649432
-0.8587581095639877
-0.6781852830306488
-0.025913397424264663
0.4045880454266966
-0.14515109313965535
-0.1129575228331506
0.4222312101197129
-1.0242657163906312
1.8179139590817486
-1.5269215834208445
2.1806608819763267
3.461568367492571
-0.31850291122775337
2.012607347606976
0.14923140553197972
0.5775832508117106
-2.162487284631362
0.8634399577718067
-1.905634466002687
-0.6436427130054336
1.0386621810732375
0.3222147160332122
0.2944259019234111
0.762602551398571
0.6047136262126822
-0.7018876614168867
-1.0066877198481885
-0.34329749915637003
1.6343430238375898
0.052778727195578336
-0.347730955704234
-0.5778645741137504
0.6071826429173608
-0.03516128327888241
-0.042950866438986525
1.982765557853581
-0.21836857493470846
-1.5227520863805117
3.46751722870613
-0.7681433535350929
-0.8611304882221728
2.5382283757237483
1.4604330323227364
-0.019017002127892087
0.6030959268895655
-0.5310690409808023
-0.33816203237241405
1.698404559102452
-2.0460386862680995
0.11153861294236159
-1.194926271679472
-0.5660134788658266
-1.5732475104354928
-0.9091978880717733
0.5949173859478539
0.4910997211120586
-0.8444385533467769
-2.660488712208858
0.2721296487156726
0.5730082650787638
0.23238215825018257
0.805082866287619
-1.7068359751884956
-0.19872344908091263
0.15464153484207113
0.41397167158020004
-1.4777828830796103
0.512812450576681
0.7066654609085629
1.557370181770222
0.6422456174931923
-0.16435537846314446
-0.9379088705682426
-0.8945185661005476
-1.050420937975624
-0.24861528800179578
-1.6527081219446482
1.3894623455215478
0.13539383497889296
0.546971764571174
1.2244932074290549
-1.280540144438952
0.5646424251021944
1.5264548679952799
-0.4659808104269197
0.520554223742835
-0.7479750311563149
-3.0694276001124865
1.2291844164604218
1.003143408433095
-1.2364647174386763
-0.5803130124205249
0.3037082232917541
-1.412860304141328
-0.47669371738330885
0.762447385330259
2.3140763129009327
-1.262424589315799
1.987362959778615
1.3259587497053573
0.7983796790499369
-0.30703592470375074
-1.9381673191368074
0.3572375851740803
1.240722140127295
0.7458571364130503
-0.24680254419355718
0.7285169043555975
0.9478731992937729
0.8464981842761972
-0.5425252088652046
0.6248859599697826
-0.06296634612043461
0.4016690715380257
-1.9359730416176404
-0.2695679206256767
-1.600820561342046
0.46715672173123185
0.744187590227547
1.5046826905470232
-0.43960637343872605
-0.7407773997669815
-1.282735287138582
1.4126716568011115
1.136695309412484
2.283180894016838
0.04677822304958694
0.4798428768612859
-0.3735085945147319
-0.6630084591721668
-1.1310710305494385
1.1064850070118506
0.5240619823514931
0.06924386323835341
-0.27934570173995943
-0.9994110380797707
-0.9040943199154187
-0.10675246818344633
-0.08967021517131
-0.8148357847662746
0.7886158836215797
-0.02597926587045931
-0.008122386070847004
-1.4534049514831484
1.0657320044749712
0.9466965416955305
-0.5458364689914804
1.7097469122449642
1.5397947558081377
1.867031389705815
-0.6750563614089143
-0.35778435692775895
1.7907200009510071
-0.5855115730909799
0.7701670790315137
-1.2547342098703358
-0.061579543378183305
-1.3460211603602485
-1.8479485731226761
1.1210600189059081
-0.7415914150633343
-0.08560646638375843
0.7364727589651583
-0.24915388433799854
-0.13402722188696783
0.6540314363492592
0.9134842061553514
0.5778834114058102
0.6666564183669149
-0.5533507449012774
0.8823243493417569
-1.5088118538473494
0.5129110780230882
2.0773083402268213
0.37634089800976045
-0.9930775292270638
-0.5662164399251239
-1.7157824588017323
0.5727510702853211
1.566797500924274
-0.12150369147220576
0.8157412285591353
0.7971354089410033
0.4178935975914736
-0.21070369174160872
-1.2814893219977537
-0.6144148766424206
0.1344458362131716
0.06758977901644662
0.5079691762819211
0.15609052320749262
0.45433362768362356
-0.36201463489211666
-1.9498684773621093
-0.21333200093823462
1.207524920026642
0.29664367347434406
0.5213093404429104
1.3127217674019178
-0.4083544420267792
0.36339478348112836
-1.061900244470128
-0.788334359175919
1.2581339222355739
0.7384831309824557
1.0350253188413214
-1.0917858019142048
0.6091916845709476
1.3949640318348624
-1.4567286089082272
-0.4590078962714795
-0.20411877156613192
-0.43036948240386597
-1.7060861955694326
-0.41718649704027005
-0.6504237381005896
-0.10678827446080577
1.226934973601041
-1.3449037362349516
-0.2708446585011131
0.09321204596656679
-1.5499108928098158
-1.6566734073229306
0.0069484255459803775
-0.5191663958517763
-1.2271918358025764
-0.8598891491506385
-0.16041620895014103
1.2717081428779182
1.1809206861023658
-0.20908050724165395
0.6163931831134714
-0.28606617449927674
1.8454386061666477
0.9762211485235756
0.49773711387803415
0.28020103557512904
-0.5423147872125923
-0.2467724180861537
-0.9007596284550433
0.649164771568912
1.2062058977573773
0.5479093720582165
0.2087575451550218
0.10739867089848695
-0.44804154687238157
0.19380952303634896
-0.1514426951507555
-0.24089897446307348
1.6537696906497579
-1.2624170512146848
-2.2305134115805787
-1.4872236495608482
0.2696197504024875
-0.32048062697801855
-0.3398225123224393
-0.8485722710010875
-0.04274357627245238
0.15674585953335893
-0.29749398050435705
-1.4241336569242637
0.4591882068685512
1.7633040465712162
0.11198799887763221
0.016311888308328776
-1.4847061139038542
-0.7561556746464256
-0.0217548656144934
0.5387532308984053
-0.825220204420471
-0.6897605867124316
-0.2638396676235702
-0.6602507756064571
0.20994617495302034
-0.2486483787865361
-2.61236821782631
-0.20939342135213776
0.09164863126151465
0.6266325120033107
-0.9198581638618036
-0.3304356423685768
0.24709524106423833
0.3231677834193022
0.8651971417696884
-0.8606253038552077
0.4252153721521347
1.3690228917899776
1.4253740182753605
0.30524079539513
-2.4905893965494883
1.6641565061436896
-2.2032687214980715
-2.426667451799721
-1.690632043441692
-1.1097054260093289
-1.3823190726523507
0.4431384252682664
-1.4369239743082964
-0.14446074303328188
0.8869546691081508
1.823073313099534
-1.2614016580903318
0.47108627507108214
0.9183857919923687
-0.6820762774737403
1.263471568317053
-0.5895354548201748
-0.4763358612945022
-1.8949673959102094
-1.3458528431422687
-1.4304080861933925
-0.5398415168737537
-1.5630944611814526
1.3529068382274434
0.8363489064000377
-0.14760770374309662
1.0268535878864913
2.55268211242643
-0.14312578297354647
-1.9834579076599415
-1.5776551379493113
-0.1503711525554581
0.015314445662876854
-0.2684541967043348
-0.6501433139298124
0.5607129580527608
1.7497314232411645
-0.3870986465657306
-1.374781338230362
1.2994388828045402
0.6745216645093937
1.5268122944584497
-0.16949931296557494
0.12418510266641813
-0.9858089569667781
-1.6079135385192829
0.7122491044646692
0.5839941130776207
0.6839205828786421
-0.5879710312886904
1.7423488456871228
1.0209788985993935
0.18249436709821726
0.44765650443949245
-0.2213224897135887
-1.4887539591047219
-0.15270837098801596
0.12804145415578883
-0.9515472949528201
1.5358832227628667
-0.7231735762641608
0.3870270825965834
0.27206205579987064
0.20199418975349473
-1.2688137190750053
0.5585180855813466
-0.7006509454042773
-0.10847416226198485
0.26480424060374713
0.07398440573936349
-0.6029480884287592
-2.231960688818019
-0.6406682452003011
0.7019426706258555
0.22773924640356172
0.3935442932729476
0.38803298652446244
0.8185779587619602
0.6249592034602696
0.7045697322358
-0.014977364391007494
-0.012161572814602766
1.4148069046126575
0.1785633557195103
-0.9020856416875457
-0.7839396920921022
1.466198254162275
-1.2619359872372198
-0.41905906379815905
-0.01732086639171973
-1.4432629889473012
-0.32364288557201615
0.45262030779958856
0.09359866661166692
0.036381668311587324
0.9370652296946429
0.7255969033676164
-0.5308851351313305
1.547528893600141
-0.1573081311408353
-0.6660344887126354
-0.039222463679779
2.3213569066332758
0.21202294132837468
0.11455393825528479
1.8847834364622882
-0.4349794459621177
-0.8796360510870631
-1.137360850909988
-0.6453876033681906
-0.44679935883031635
0.5651993258721948
-0.5873730786178204
1.0590834159416727
0.8393952110475146
-0.8275632676035365
-1.1427412863590063
-0.8457239852886772
-0.37003893555197037
-0.05692209307870019
-1.4790310518083931
1.135321233523237
-1.0825719249822756
-0.770817479276352
0.7814230968934801
-0.35191669417679305
-0.7015707041803809
-0.7522481638826749
-0.6475027505958603
0.32309825609678666
-0.8973562631399503
-1.9975096784166733
-0.5920205701737048
-1.542726253388442
0.5118506978333076
-0.4975983875500712
-0.7296965967754565
1.6828227405888014
-1.9136976934037089
1.2137285276296634
-1.113918874904179
0.8750583470658382
0.4954253045794266
-0.584810495394508
-0.44196702535800997
0.4801324840159084
-0.8096177320888448
1.3267005107053869
-0.972060983323773
-2.086870693669381
-0.8384116911123768
1.1228425099074073
1.9359806537830377
2.544665578932192
0.038631534440602563
-2.3551815990154172
0.03595806476622376
-0.7234616537927
-0.8992934441929591
0.5858703387538965
0.02629682242118637
1.5432918122949764
1.0393009621512306
1.2751229584724897
0.37541928668833013
-1.0900492556893415
-0.49273590950066193
0.8643227696507383
-0.8047472587242309
-0.7798181018480992
-0.25534375725687475
1.5207254926033449
0.4654614549288753
0.28376409166285954
1.1039471517691097
-2.252288761672416
0.6772611448910072
0.3188168621260649
1.2756962159601597
2.077320682999824
-0.5048968670165095
0.7244250184436071
-0.004306585298929664
0.9462670118091373
-0.6165054309052107
1.4757562468211967
-0.8561735097984386
0.6489260403706864
0.2048238285670034
-0.751227257738225
0.699129430219735
1.2206869804584346
-0.7343331553610679
-0.9625203040814908
-0.09745123356803588
1.7989273497236065
-0.4204018646351171
0.026973857527436505
-0.27649358986886463
-0.7748269806192964
1.9853342362674873
-0.04477139183983361
-0.3471201292554257
0.5664398809594795
1.212999215851372
-0.9051878606019919
-0.3768711082852308
0.40465194438357643
-1.49283549539569
1.1075738281756744
1.124977953514897
2.0619996979194335
0.0643194143625741
-0.5530887207865273
0.04455337162645542
-0.858568936901847
0.9330300942381222
-0.5589908218080206
1.6542194940777823
-0.7897735858706577
-0.04180157163390108
0.5241384415191054
0.6645078886397321
-2.4044467488662096
0.8879373484747682
0.12859769515749261
-1.2997984357817707
-0.714907336316482
-0.22041455612712102
1.4705484631070789
-1.0536231852700697
-0.6305390873005845
-0.17945023354775014
1.5704240595820136
0.20367360309627652
-1.17297979004314
0.20878290328642268
-1.296076366143253
-1.4682658240505604
0.25266733653072465
-1.2370788547304787
-1.611248551079235
0.05282282996430397
-0.06445397581527448
0.3560374677286951
-0.30812002390386456
0.71055822189509
3.4930346595694752
-0.8115591491149379
-1.4314671659091727
-0.21143424403871622
-0.9454643668977705
1.190854441417229
-0.274284891084514
-0.7721758919365271
-1.2846070589117689
-0.6535362895794922
1.7353163030740573
1.8273634089845947
-0.5972911406694833
0.6594396480185999
1.1932844755658176
0.21679210163319265
-0.39054884715515226
-3.1790356979659333
1.2362510641069864
-0.23560981003019807
0.40357968345925704
0.5892473461385713
-1.5026976602835806
1.063245982388484
0.921736447490589
1.2331074759010479
0.08970888049741912
-0.4636616621426831
0.30142452159122546
-0.44875582366669625
-1.5208701581723396
-0.41337252153974513
0.8621407573989879
0.132727971805269
-0.3211622946180919
-1.2837146257513705
0.977551560537061
-0.9739623188041561
1.6043052596852845
0.0898203938734962
0.09586112427989753
0.21342603912632363
0.5593638913553157
-1.1631836972478278
0.3670747431605414
-0.9045954508926882
-0.5992481367903525
-1.6233051884678145
-0.46920003614999045
0.34668098173785306
-1.4877225728057533
-1.3018258332761596
-1.1360980391118014
-0.38634958617003157
-0.3487760073341729
0.07722519126965677
-0.5336802242781931
-0.42007168665021605
0.7806892155948774
0.8262008146793606
2.342972206473324
-0.04540724981021772
-0.11234717830887322
-0.838840310076271
-0.5057466831284319
-1.9479741762712242
-0.16318283108357007
-0.21395369206791484
0.8792212633912039
0.1641692062414039
-0.5948509497992206
0.6808058024991753
-0.28237348512653054
-0.2649902726563996
-0.43079223682524537
0.5143941472680962
-1.5998864084789701
0.8491301929078354
-1.1857937989701752
1.7468368226819708
-0.8328312586913754
-0.7702793525832163
-0.13827994423635298
-1.1214045697772212
1.0650557259878335
-1.231529992176115
-0.4135176119079039
0.6201950640103874
-1.2233236345321654
-0.9765170435897055
-0.296301671324094
-1.6059969150556173
0.8854374852586715
0.37539409168427756
0.29438222799127706
1.002661598383772
-0.8137422397794772
1.6129878800825703
0.6205110623488349
1.6225085731645974
1.077849165202782
-0.19855572553154366
-0.737712860812105
-1.1200527153301032
-1.0211718137964174
0.5909043365253192
1.5464087682295016
-0.21613649648522917
-0.1229601248192766
-0.2128766262406817
-0.048338635665501416
1.3324966101247195
0.7652607737334003
-0.02430441038912859
-0.5864323603571735
-1.5460671446393661
0.11921018343691009
0.24926004669971638
0.11486943098347377
1.2200506009406573
-2.224086196415082
0.9129008313955671
-0.40850569893107125
-0.3443153240341735
1.51970538293116
-1.6663169526648993
-0.8614002375552668
-0.7666783482309486
0.2775901165765776
-0.033383471381823696
1.2575509657157453
-0.7516663612302469
1.0619869033095688
-1.5014190739266309
0.3242650386554605
0.7910326458754152
0.2617158628689676
-0.14904792658810304
0.16336809391429974
-1.2198681333160735
3.0689214611657256
-0.1955634491390503
-1.648872514494579
-0.9253486197628136
0.8370620412231965
0.17045167121330354
-0.6207718942119067
-0.7563012768073846
-1.6692407326876457
1.3880534738748864
-0.331067378815307
1.3698846975151615
0.07042642359633643
2.6797825928112347
0.16193270733636483
0.734155609508545
-1.2512055089141652
2.0884432667371353
1.0330870936747034
-0.2840213362453185
-1.3779287701546814
-1.528715263653027
-0.4520319026137356
0.9479490889132368
-1.3541066476456916
-1.1374549220668235
0.3342451930053297
0.14544468545238015
0.7369838000784167
1.8484682272475967
0.3254357946020598
0.7855849894567021
0.2906264262976831
-0.15710599784814888
-0.8862859993087264
0.1073878314001135
0.1870525242533725
-1.727043877656129
2.1427064737987123
1.1819671197705026
-0.11132310755756222
-0.9442905492251297
3.5885579950153472
-0.06663459459619034
0.7173945698725118
0.17049263504327403
1.8364272038109335
-0.14769813244298377
-0.35042561054153437
-0.28063891391757173
0.38340684581129847
1.969665871958704
-0.44304473749049744
-1.7474163533787472
-0.48816060017111146
1.22100423746075
-0.0550481285636604
-0.5381118094198044
1.2491503257527545
0.17263324971451902
0.2503669935990647
0.2874802077983127
-0.42514352762932184
0.6392382293316979
0.6683088795399207
1.904266152411948
0.6266743381342942
0.39965708291685936
0.573477290327612
-0.415833133416031
-0.1938978263086651
0.03407649220692101
0.8445059088064014
-0.7131160648006794
1.473512892104245
0.21317942128084427
-0.8245961728233867
-2.0805837795305906
-0.598642261653963
-0.40137608796806956
0.3245750484354464
0.6394635392331295
-0.3601959606757736
0.03680714913438087
1.446009819099289
-0.2822447934089168
-1.8790680683675975
1.4666255947755171
0.23561317503379844
1.4952008682358158
-0.3891366546494676
0.05960628113677686
-0.16220607581392713
-0.06698847461365849
0.6383852803286314
-0.8291631955420813
-1.0485097362271119
2.320179382486081
-0.5421752436810982
0.5929702936169776
0.18982055513241305
1.1691127235748457
-0.6685753848289266
-0.16357703173260685
-1.8214652501626385
-1.5043589729269427
-1.090468159885718
0.5582900100704157
-0.7674804500191024
-0.745348341358347
-0.5792843926865778
1.4688571638381707
-0.6281446831685747
-0.001579165424193941
0.9979723011040381
0.41815339875950613
0.655818978789489
0.24908539710101335
-1.0021102749745618
1.2334701991544985
0.4060272833052837
1.449076523508398
-0.06332315976923474
-0.43851195548191435
0.48936857501240083
-0.18815816121481965
1.2029318387771504
-0.7991054275935846
-0.18508948353930052
-0.4628850270764441
-0.15939838201129577
-0.1113488892690218
-0.2119756741656813
-0.9142416407442753
-0.5369829208518079
-0.1871117952703351
1.4858782571299698
-0.4700339763041319
-0.6106163904858938
1.2685253260006895
1.3902589910922616
0.32704228531367524
-0.9517037653278053
-0.4139695526943637
1.2185446652038938
0.36658150191985295
-1.8476729002656043
0.2899612341762356
1.7333641388491294
-0.5590991837588741
0.5020203389957237
0.26096893594053927
0.19432441375947443
-0.5178887610269736
1.8650973411002432
-0.18517277281619837
0.843898145558674
0.30865550312633094
0.918198072621999
-1.633814660967621
0.11560894725781118
1.0087599330248869
0.30154311735752487
-0.1834200600682832
-2.23566972948909
2.5182464050160864
0.45737945151495474
-0.32619653046880104
1.5453611091889359
0.06837599824085948
-1.125967827167324
-1.193340204010084
-1.2731745210293717
-1.1208581906340036
-0.9485762313086981
1.3900940460899884
-0.8249850869242628
-1.3202095464132584
0.637730016587234
0.8754986959652626
-0.8440807545445257
-1.1696959024882356
-0.3111197707849737
0.5150304517905898
-0.0059835444449708565
-0.7735832073409088
-0.2526574957790759
-0.08492448869329905
0.9698859677323866
0.051637167964765245
-1.0575409670572975
1.2487728275485395
-0.8260133363415955
-2.1825188749250497
1.8204374175460059
-0.6185575484645606
0.05829989415712776
0.45485875765821665
-0.047897255456941824
0.24991140723031566
-0.6457950223463431
-1.9696780304176034
2.6437040444589033
-1.2413865814910936
-0.40580380700999397
-1.6801222230860704
-0.014295898986717412
1.0089089872257166
0.1740312596171238
-0.12598368536114665
1.154877711454308
0.1225675924562436
0.21702722766917962
-0.05814069150409204
-1.027338533296358
-0.3879567505634689
-0.5916645597533996
1.0988368595841695
0.1793161393257154
-1.498763422687821
0.3404241092463035
-0.3841926970202933
-0.1821505345796715
-0.48479617151430665
0.7096548345188188
-1.4276743375835554
-0.6544483493109688
-1.5598808778802258
-0.958405371741471
0.5513897994437924
-0.32630770380837154
-0.4276160812573083
-0.056844907108057265
-0.29167672319353377
-0.5256933127282906
-0.13644489116108327
0.7589890066688907
-0.4150420846874474
1.3849712708413953
0.45816074755561953
-0.5547738293732258
-1.2573378245045226
0.6589846107441474
0.012854694846795215
1.1933143085354616
0.8865806074155678
-1.5728913904633979
-1.5026405082435255
-0.6859254863092978
0.27217065542267777
0.6620032228204015
0.12837414978039519
0.8450277069549766
0.9110184163228764
-0.45734807601354355
0.3562206660952707
-2.07638647151938
1.7832938769901785
-1.5211511077748199
-0.20981800539210035
-0.04571182176522781
-0.7055273279376104
-0.9796821331975107
-1.0355940066898293
0.1614661800614444
-0.8161451822121142
-0.48996157337680485
0.4137375082578601
0.12385484051503796
0.5637623701209916
0.9937225084898932
1.2806420590958085
-0.012355897724251892
0.1349361523356454
-0.26668529201589813
0.47763262787463323
-1.4491190355097352
2.208321393813636
0.1539610407190189
1.1044342735093653
-0.8830189352076215
-1.8663673828902108
1.3250484492308692
-0.42519415966411184
-1.6354660974771693
1.6009227047173757
-1.1690547076380098
-0.20835222463580508
2.1823240187803035
0.2594453107843408
0.2086790640352098
-0.07998232167785604
0.05129666965252005
-0.12790000624518327
0.9477564160610216
1.6155806180908616
-2.019428775445152
0.10424902815171481
0.3886171019344631
-2.0398990304594333
1.300616955157957
0.6023556407776011
1.568966446518219
0.4845055299753682
0.46027581713530724
1.0305793679618813
-0.16390989303285444
0.17362577945847138
0.17947828165543495
0.5630001692922733
0.30700689577634116
-0.6518332172032384
-2.027197254547408
-1.5166068602669545
1.0626889848909686
-1.353666030231948
0.7957097598929108
0.3396067458663624
0.8605485633007962
-0.6807221647646496
0.7199232052547263
-1.052508848023404
0.8140324862087794
-0.19139492066965372
-0.22862218263428827
0.9407477870698359
0.748510266156797
0.0556652985947002
-0.032533924448686934
-0.5914607335241732
0.4802780003918028
1.3000050844047886
0.19073684970805863
1.842558315889718
-1.6815560400058758
0.8213104503209446
0.0053323076069741685
-0.8932865957101568
-0.34652605085882826
0.21164823335915997
0.13055983976529364
-1.8237940184455217
-1.9499238870225402
1.7868313955794382
1.3966351203669414
-0.16820561119396774
1.260979939203762
-0.4529923963424588
0.12779252001177485
-0.66158755922363
0.21601798449205378
-1.8437621058338023
1.0134142014225125
-0.40585860409952107
2.023263019954434
1.73796378694536
0.9430256550058936
-0.1652503123663416
-0.4930265398129808
0.5756975272067685
-0.5889868395712974
1.5386614998331778
-0.3844019362095376
-0.5230243572877735
-0.42668180083902596
-0.7895064607811985
-1.9682759139884312
0.8740816256470463
0.9620982920106497
0.7606796878258665
-0.2970433896252998
0.3700162386041281
-0.3624624527637877
-0.7727343260820082
-0.3855575336776426
-0.4350225594176737
0.9666744385674458
-1.3479527180083564
0.47775995627204537
0.8048904106050839
0.4058232307150346
-0.8125522668847713
0.7994196953607342
0.12504006859434064
1.57219337586491
-1.7431129362362014
0.4377555488642872
-0.9637600896028012
1.0734551069015628
0.1601004285944945
0.9466739666185755
-0.6886477337382098
-0.340578678489178
-0.26497339617466964
1.0215832384596932
0.8445171568885539
-0.06046369767639986
-0.3684645686757638
0.9886695927889667
-0.9650178180466572
0.7006714519276415
0.472582615705355
0.1467870666482981
-0.3286541910629515
0.5125185542810752
0.08796147632316545
0.7255206909553105
-1.012255471417162
-0.4208117633733709
-1.287553096325489
-0.8980483928138738
-0.04619561682819725
1.3557259745418524
-0.5577297344231851
0.9269633239516123
0.2815450208672518
0.5024872889133306
-0.5326808735280448
-0.8982826354607201
0.9546229378671549
0.6956786423726793
-0.4398163928812646
-0.3115163667054769
-1.7226204396640195
-0.27963086383731683
-0.5039548802373714
-0.27195788418193223
0.6420828275583021
2.336888446383814
-0.30973549697206765
-0.46918812779608354
1.0258726097841335
0.8248933738602005
0.498658244155088
-0.5089036873360699
-1.6046207823560814
-1.2793037126995401
0.0891564228986052
-0.03728286311101737
-1.1829527259079906
0.7099959930243411
0.6442007561960807
-0.4030803660002151
1.29940980197992
-1.391709461058805
0.3090420317899718
0.4760470980136934
-0.767314206798804
1.0387976325572519
2.3271979044428037
-0.5009464710904781
-1.9455901576251107
-2.7927210609793898
0.6592665342215073
0.5383728810755872
-0.8021329360817064
-2.0234188770820984
-0.8163618159932967
-0.7494578085183781
1.287576143510444
-0.33005583838745506
-1.0822742313662754
-0.2662909313506398
-1.1151061210895896
0.46991858893106664
-0.33870682310423955
-0.7704876304316328
-0.04132114402104617
-0.39810582584032594
-0.08234447638839766
-0.6135157975380532
0.7802282283671794
0.07757634937331537
0.6389488742317168
0.3306492889995939
1.2416181405463653
1.5813908934260268
0.5418193553155475
-1.327817205907815
0.20163936028884008
-0.23169929828202035
1.0597341802744504
1.1658926994060423
-1.2491665029600514
-0.9061029351514486
0.048849174151444394
-0.18118383992876222
0.35175219152027976
-1.0145421076884227
-0.3853724820754419
1.535124561327108
0.6528214184366002
0.7891395694740195
-0.27004346196377127
1.349950026559908
-2.1400954680000033
0.1706078840858214
-0.6038946722245516
0.44452265160810306
0.8211721826424639
0.15020231960042932
1.3780697421687886
-0.7962167048564767
0.8345162222180657
0.9680471260362958
0.1920570470001749
0.3088319146640478
0.34426460907935225
0.6703541474515601
-0.5905308722387821
2.4211494895097205
-0.8833387412044001
-0.40210741685746054
0.40030652655038695
1.0609913962182522
1.3423919754351468
0.2068042885587427
0.49795786875865483
0.2844137200007646
0.6685409142386496
2.095660563846186
0.10865430897866506
0.40651850605515066
-0.31902828732934463
0.7477081256753281
-0.12398382486283833
0.15899404037219517
0.7331165396955168
-2.214268926214992
0.5570502842594027
-0.16305121240845297
0.09272468594476195
-0.06580364615541696
-0.14765289284449296
-1.214541669460112
1.7549619103174343
-0.9851583745479197
1.3495043225962815
0.04946244180680463
0.7248805172705133
1.044079486094056
-0.35400651435446595
-1.175338830291714
0.9428192394224048
0.5839542626771308
-0.2761477592796373
0.1349994108055493
-1.5788959030485579
-0.02246696095848994
-0.5087788090390996
-0.7939252585641111
-0.3978376218020198
-0.5143013885452506
0.14719640888161123
-0.613285747957988
1.4581168519151602
1.1796499196426307
-0.4102591276853342
0.37544425209930055
-0.6280045739132575
-0.3776985217510338
-0.18205293608121662
0.6196240210395255
-2.064124097289861
0.42279739501099134
-0.05024841694610326
2.314233433847784
0.3545765366943391
-0.1955377185418638
1.3692442058457714
-1.0725319390837367
0.4129147242323375
0.19806391936291387
-1.1369690922795932
-0.7386946471990636
-1.7215708647443606
1.16916001353366
0.9142137691158422
-0.0891606902181441
0.12607068978568703
-0.5905194489978554
-0.1191269032197458
-0.6865999329933393
-0.72189989742504
0.8557302134419572
2.108517458018556
-0.6187960047047532
-0.5082129197890802
-2.2581181584352428
1.9391015780528364
-0.09358489031308055
-0.5936988584966775
-0.9297297509465319
-0.7448384076651687
-0.5370114615161149
-1.2041637784320343
2.1864091407301514
0.46188033356998
0.21425374792785495
-2.0289346525432963
0.5421584435523658
-0.49494818663407325
-1.263016521999297
-0.945160907563261
-0.6209930415828683
-1.860942551606666
-0.41368663976056147
0.17887049405474162
-0.06458607794090812
-0.41927605636885434
0.3279856665178263
0.5518734339246265
0.03500208249014328
2.3429181405992052
0.11844995675973728
-0.08276614360660976
0.8699732829016584
0.8082782186899369
0.10565063333863982
0.43047068406895284
0.7704288277580855
-0.4444029487329717
0.8247697619574138
0.12397527377654478
-0.37278726177819366
1.1135696593002824
0.9397940478450444
0.6557781695222987
1.8235007677230097
0.3744622200009905
0.46145558438495515
0.5846596937295738
-0.8405478312792101
-0.48829120264186887
-0.06688877821547222
-0.13753882915592558
-1.229514658077159
0.9745192642779185
0.1757629316577081
2.0737049410655195
-1.1367037841901921
0.8873343945971198
-2.0627078339976808
-1.6455444458747184
1.0424088716376227
-0.5902385412766696
0.0019440010148385712
1.2427159096802458
-0.25409441356968526
-1.0211220062611837
-1.1582472921800913
-0.4603851401714258
-0.8195925887123796
1.3848054393103233
0.22776353382993517
-1.2924171832410716
-2.1282383840830343
0.7790260294741941
0.2832008076323695
0.33030097541532466
-0.5109993623613989
0.9615946599234529
-0.04786364551716994
0.18392532069267195
1.2130178714820041
-1.7385335870168275
-1.1268762103018721
0.34591811030527675
-1.2492320345875791
-0.03249274085040878
-0.5723910922266257
0.49556850559840265
-1.0257069036604625
-0.11178970311775395
-0.8733780996737893
-0.9943866418717091
0.40296146731552535
-0.6430039416146854
-1.13192768890437
1.9745233589292097
-1.5319366200439632
-0.2233566998738586
-0.5315850007101668
0.8291224770640337
0.40137806998191816
0.45548046905847045
2.0399991772738124
-0.0677821329541201
1.4925478026576138
0.6140229087968135
-0.6086140104864446
0.6307939629920779
-1.2951892308582462
0.5130826137404643
2.1535586952250347
0.376283891021309
-0.50414632560651
0.7651475163605372
1.2007387702611825
-0.1711942817272575
-1.111464505543612
-0.3876914417793812
0.26000221001699286
0.6712579637337003
-0.8408499521583245
-1.8544917921268322
-1.199672384913066
-0.5955669663511431
-1.3995260256214785
-0.7429107058367632
0.5079132893482368
1.7552779458420982
1.117873007777682
0.052425122204972224
0.4310230160300596
0.8170191228978804
-0.269021774237697
0.08146735116505639
1.6197240957363443
-2.3709735316917753
-1.2246731135882811
0.43205823124876097
-0.5251380220579476
0.3327765728910828
0.21294870721227285
1.4352784094478552
0.23405780662819445
0.30639608569844
0.5654553335035182
0.33979642542935284
-1.303820246389917
2.1531513917527176
0.3861862630707531
1.971819923476744
1.2252748630759398
1.4734083262298627
0.049856029813187375
-1.0974273002965325
0.16183691246657234
-1.3530123911843503
-1.2333962257573319
0.21767611347433782
-1.4033977519302796
0.3623191126492824
-0.15303165424958085
0.9786366367652577
-0.31983310931933495
-0.6252629282793294
-1.1769626075162685
0.8743632762337719
-1.2541941157223022
0.37748575883177654
-0.8189913427417221
-0.24896972018280053
0.0358290731454794
-1.8571248798416848
0.8047821765126225
0.17979166987950665
-0.9861861775160561
1.0383963156972442
0.7754633315369617
0.07134209571272226
0.5616315710091301
1.4792016888321908
0.24782707008288365
0.8892963141203912
0.8902616948259576
-0.3846740651415038
-1.0570292576464846
0.40584287746091624
-0.28888736974775375
-0.1823849563487785
-0.42996996532843157
0.39695828954414414
-2.1743545252697807
-0.5312479364813245
0.36092488974105413
-0.6986139896597418
1.151293136509321
-0.9183294349494506
-0.05790085128340852
-0.3285814897819535
-2.169811774602964
0.8333494811873844
-0.5816141546338928
-0.31762006177938856
-0.49280531289554913
-0.15061512362496876
-0.9623185792397404
-1.3372232595746816
-1.8433495554542427
-0.2077369767708031
-0.21395390519876367
0.391596236211296
-0.4411221371182126
-0.16439030892557244
0.4261377340901442
-1.3699554261039566
-0.40667669679986373
0.03444705962901245
-1.170383606308962
0.882262056677386
-0.7351369546480878
-0.24412184061319173
0.7130892623726945
0.740190791052881
0.7490670350037716
1.3648721564889432
0.42809817205557404
-1.9152306518522342
0.3320287305426424
-0.8578531741183274
1.0185107776580793
-1.4492223730020053
-1.60741337698014
1.2317910513164294
-0.3239133585420041
-0.006572569860372454
1.1937362956127606
-1.4779749436686196
-2.520214215514658
-0.32457869548602647
2.734789253602774
-0.5624095084675504
1.2923429016007428
-0.2760103492393024
0.8290371823791793
-1.1358686375876539
-0.7236552055155411
0.8683024026094031
-0.4395443492157504
0.9122472565855765
-2.1688156834174976
-1.130338398956349
-1.0947232898839092
0.44342325310457953
-0.42083439473986906
-0.5529689953711114
-0.5289095465353186
0.48037780996895374
1.7842999179267365
0.12433912888641853
-0.40568759884769146
-0.3615227592330932
-2.0278597261546167
0.9461560884203174
1.2218836915877598
-0.5966198155513357
-0.03320896901125326
-1.3400266358616557
-0.3438446291024672
1.3985077272679645
-0.45617712259903237
0.1855048494845333
-0.913780579224342
0.6118917662807551
-0.5704058739546843
0.5211385055055504
-3.0054433865658225
-1.325409742664603
1.3282027093931266
-1.017443769129222
-0.6683297511324888
-0.34617345296476654
-0.37383636746067095
-0.6839061189574301
-0.14952885592599316
0.7486059566071549
0.181633648709883
-0.37152763436673775
0.019835188686537858
0.790724183198564
0.40734166678247713
1.9933990226906826
0.8195062822501731
-0.5736932217135223
0.6185846594683624
-0.3601829181422052
-1.2421607893768654
-0.9876902099255905
1.0129166854278253
0.7768918489072313
-1.5758056099049846
0.6735002794154
-2.1150901542668885
0.33779649370232545
0.8268348181661619
1.7241367192765142
0.26451760462988827
-1.25372696871026
-0.13099027890876216
1.2784192355615709
-1.7163407364724546
-0.8147907680881091
0.11569372636011287
1.9429113214208635
1.4929045307370514
-0.7573724540403252
-0.5256779121073468
0.8057229841420985
0.07256746979518004
0.01094791488336328
0.5377410688997255
1.1273848286604682
1.070571845877299
2.4126149986773657
-0.2307891626500604
-0.04149724103560955
0.38350388697898796
1.024178040989227
-0.0601092004943
0.055562753608530524
0.20779405469979623
-0.16935766167750965
-1.1379757328988498
-0.7976113775952242
-1.4536004429822587
0.9716830621177045
0.3453371062950576
-0.6485028922293911
0.01304332265650344
1.0871155797298073
-0.06471319391731219
0.2892893589900908
-0.40916182897204223
2.4825611492952384
0.24612482093289387
-1.6138387943926187
-0.48543940473456165
-0.08723777709974226
0.6684285427241297
-1.1575498360981022
-0.3173071379830394
2.6875105130122576
0.8133508703616329
-0.5015422748015608
-0.4774933693839612
-0.4872526822327142
2.6688289265323095
-0.4561954738635459
-0.5050833015634374
0.9451742844279761
-1.2081134884005233
-0.3674385274864928
1.325416007919396
-0.7262054464856619
-0.12915839530973786
-0.1545318351989526
-1.0161291160741168
1.6831984773942432
0.005676254447669049
-1.0866707120623564
0.08816439969810007
-1.1785026570583665
-1.4324553546389656
1.3868766008975695
0.288415334330582
0.6316072584500423
1.2619151113823859
2.3291457407786935
-2.191794835230411
-0.15021841736146477
0.7485142273501874
0.4122410159280051
-0.46749335271039394
0.3540657795596532
0.094778184830704
-0.19349765680459688
-0.9254269410269663
0.004721476522329141
0.35479546957399105
0.19673360331814083
1.460027400845234
-0.5578986616161806
0.8171017448670048
-1.2496411018566351
-0.10060267165159442
-0.27425876733597737
-1.012277682427824
1.0670712280335821
0.8521669688710284
0.01579202358802087
0.3650210883004277
-1.93824807452249
0.638234619502613
-1.209183875290863
-0.5864701192232198
1.9992542286450214
-2.12404073044269
0.041717376017274946
-1.0690967485981646
-2.2260103232642066
-0.6331133014129859
0.12712408783479837
-0.9995514644105636
0.9893607256631133
0.8253416867207451
1.2351578627886708
-1.1645328251765334
0.3237531304052846
-0.2631755477337284
-1.558845781715216
-0.33695070584095704
0.2661522388354222
-0.825919172049325
1.928230689721611
0.7001359545308385
0.8189830190282532
0.3383245355852332
0.8206526525915382
-0.3200806894350658
2.844590151062735
-0.809955382870311
-0.06429831876776004
0.2141604860983271
0.7701833127400215
0.7186616458016629
0.004781123488454991
1.3934753318661448
1.469700045714074
0.49124028690041727
0.0044105997567575
0.04621284488093801
0.7195732628172448
0.33495422436215083
0.4168063978635755
0.5585489174738926
1.1371094366491166
1.2574327183104084
1.894879815562068
-0.6341323456485202
1.1305007077032414
0.19929473583389973
-0.3212544872239137
0.27780350137073045
0.13242999588377505
-0.4868695313629269
1.8915703432158577
-0.3754336865034993
-0.5240519818221036
0.6462227115972288
1.2042634775553889
-1.1549914392211995
0.6048622048363523
0.5331757967972026
0.9498090167508645
0.34932344399592924
2.1031365497400234
0.11697925362327635
0.6832277023845861
-0.37796646126760836
0.20809685518886256
-1.99197288352237
-0.9027993852790295
-0.29817123704472137
-0.22195972767235822
1.9358671224360988
0.986942665341195
1.8231636022077047
-0.74026429444353
0.9485157760809376
-0.04504344535441611
-0.8595581319140956
0.3995315453679442
1.3751528257090608
0.3519923319171784
-0.2313573220678369
-0.2204352415204828
-0.7524020177398434
0.0002077761322166327
0.5431162065638261
0.2888327793267772
1.1788853472382126
0.7999354637702889
1.4294571923590504
0.361536291797064
-0.29212094845259184
-0.25825663760953077
-0.612921685861073
0.16940645982543284
0.9401340867963074
-0.3779204293811548
0.35216204091048947
-0.500726539411066
0.5592948917787018
-1.7793929301846845
-0.46560857145402534
-0.8322004362646427
1.2571720327172162
-0.5708029686200056
-0.16722342281221478
0.9192842826332407
-0.4610925444650783
3.035421758221587
-0.21581095952190069
-0.251192497335895
0.08455306947620936
0.2918919314534809
0.41130923350087234
-0.7306182246446732
0.15712561003153894
0.502735405387449
-0.32551480864889076
2.134253781875389
-0.08732625418345168
-0.7305133680628644
0.734268142097588
-0.6142043524295248
0.3859061825378227
1.4733992504977511
-1.6850723479682324
-0.542024260807112
2.5739384130249583
-0.07909552678063582
-0.8351718012871886
0.5032273801017405
-0.07373627523555706
0.8950718006577227
0.934188679828666
1.0355767405786673
-0.5357850965501824
1.3073071615984304
0.09495168903206454
0.1228449081701328
-0.9703427182997357
-1.562859234239132
-0.20926784620411437
0.3462010456578265
-0.7398478967553079
-0.7808071295695553
1.2862875569405972
0.9553982996378666
0.14372391764233797
1.2771527713902595
0.22499458023252036
-1.3936267532462483
0.4675200150997666
0.5770629996395007
-0.6259988372947304
1.1966658278896989
0.7066423276095083
0.4419567511655936
-2.049145543956632
-1.6637300080686086
-0.19094468248697408
-0.30487923773385617
0.030500721512427886
1.7164278815952312
-1.2013435856194477
-0.19814006233117362
1.3642548091656148
-1.0795102572160595
2.1060513258959817
0.5878675962146339
0.21780851232959625
-0.060066512669221174
0.4278784854911708
1.5549596752272437
1.2073721557618189
-0.5211325968626453
1.0723562319626692
-0.4618731598233244
0.37682076955495186
-1.421873265517959
0.6003377530199703
1.2681776622401997
0.6768126192210859
-0.2611154111995577
0.36400807307583005
0.9002255313083775
0.8809779157439649
2.1506224723383376
-0.177550060183988
0.34852477249071534
-0.02504754092388699
-0.4879340095962608
1.87518026101901
-0.5045978572094293
1.26335529729902
-0.9082780720466866
0.5860675004749549
-0.5458498223182058
0.03614773747475955
-0.6874366069312858
-0.17618718816234413
0.3939284042361093
-0.02962718119444726
-0.930942895540993
-1.7626682051546363
-0.988800530141311
-0.6448108880538539
0.5415332596280309
0.18672824055798112
1.2709397918769048
-0.44448457213771253
-0.5344607768091604
1.216356808821393
-0.6178575488035968
-1.4567992088490702
-0.07633788407641073
0.19757526223728802
1.2342755497313107
-0.23949646667947913
-2.03102533265915
1.4533190934709403
1.0868472365570507
1.2570380585681589
0.8288937110345354
0.7936766024047822
-0.5802369602570918
2.1003105983389316
-0.6649090703174757
-0.102054732322895
-0.7511829133842144
-0.7225337159888375
-0.6315182631368209
0.87661231870024
0.8889348465609176
0.980635874333803
0.3396786130017476
-0.662347893009163
0.28232680757411993
0.022659293144858546
1.0301274772261428
-0.40598100085919014
-0.8069824679176678
-0.9564547676840208
-0.17815360596982074
0.823519904694835
-0.4046026984584644
-0.24512759169592496
0.363716674437471
-0.17486969898361227
0.2521434808160152
-1.1849506759927388
-2.416431692001873
0.1608670858925718
-1.2515877440791658
-0.4828429104811833
-0.3456348384044394
0.4746802488543483
-1.7767725964024241
-0.9875613791847815
-0.03156109322101835
-0.7063308305917944
1.3863390479205522
0.2703160223671213
0.5838005356895982
0.16308916960421427
1.2118773860273837
-1.7521545356937176
-0.050639656116119106
0.25149541026647626
-0.04716607586687383
-0.5439190906333128
0.5546447848286563
1.1269304671559908
0.557774734989203
-0.3874337912500749
1.4467555773148508
-0.9482181034030708
0.21724412784810518
-1.0668342110940257
1.4433068598834837
-1.599578667646451
-0.706810996009077
0.5893901909115022
0.6492785908598099
-1.4226263106182537
-0.8737510854846803
2.6392384386782846
1.5872140543807582
-0.5899558524584422
0.1759755601967665
1.2622845930100757
0.14581191707329413
-0.3074671991075305
0.4863090949239264
0.22588142198894806
-0.6393491342561045
0.6366958001304486
-0.05635161894162132
-0.9417300334831253
0.4440042967090617
0.697693531134993
-0.25630337822216365
-2.625026605539711
-0.4387041090920444
1.4922747755957868
-0.14025190978164556
0.6458955642527993
-2.198158710415869
0.6930804702105973
-0.8750716605096205
0.032333465058500724
-0.6983382972453727
0.7685844227906039
2.056149255136145
1.0501381367502867
0.6407384009040012
-1.1052641964428183
0.9816210990559024
-0.1320100298951886
1.3908590065456152
-1.5028870328881163
0.050425484196546945
-0.11075093243713807
-0.6357537848516912
1.3591953351440715
1.4058826850693706
0.0081730887557222
1.5149017764734987
0.013442680478149218
-0.7574665223412991
-1.3526733671155222
-0.7068451816976272
-0.2745187939360336
-2.2121091442213694
1.922310573371008
0.2681793317778552
0.013464405772581232
1.2975203924876688
-0.07035293829022925
1.15301391148024
0.6922965411370666
1.1099511030765215
0.5140603507530537
-0.8527301031041483
-1.040836572604059
-0.7417820331034988
1.643345498372523
0.1704811749648979
0.761905180613632
-0.7435709992341394
1.3558847450826281
-0.406187667179949
-1.075564106834143
-0.20023062588693094
-1.142026707988322
-0.33838358345843744
-0.7391465841832882
1.0987980232741639
-0.3138522772035165
0.2321982706099993
0.35535855928226917
1.1202874847449042
0.5536790535264228
0.5614790629202657
0.49909124881171646
-0.12044778099378346
1.2660399363882524
0.33902393016250454
-0.9754215608518928
-1.435850899230765
-1.1703466060306236
0.6314870864698484
-0.5798407286272484
-0.5148565729645972
0.6106912890853688
-1.5389328492431131
-1.0797340948440874
-0.1472573733733033
-0.11564323403309973
0.009032024756251611
1.0798075072131283
0.3858219882538288
-1.0625883465415737
0.6231347860167809
1.8452467099618173
0.8244500046813714
0.4928602375238738
-0.7155671831828196
-0.40663249586140987
-0.10370505072830014
-0.2602266751394312
0.1226286980608547
0.6968696495472965
0.19591274225504193
0.4307055832988988
1.610713946462632
-2.0748667339316027
0.5257376580522881
-0.5025370879233573
0.5437069419726501
-1.3240897342448306
-0.41299610792391184
-0.15952009240783574
0.226717673679973
-0.6069433377993146
-0.5819040554350309
1.2875337581498478
0.6214749461404002
0.5687625404592
0.9233689847319732
0.05425013683695259
-0.7102343598965078
-0.7888693084421785
0.9864033136385354
-1.1144419142077122
0.6791395890554422
0.3913435151438019
-0.6871935973984332
0.41363495774923653
0.8908112634081156
-0.9810991656163853
-0.06878813469983983
-0.008513476659091492
0.019645060841073085
0.4267250920860399
0.1642027143492836
0.27323955501715663
0.586838940062932
1.3412910730986025
-0.273993434869419
-0.18456608487586007
0.14621948651905717
0.8713170855839346
-0.26013110587502286
-1.5978063127878765
0.8450294005821056
-1.7345950670716603
1.3427659007563175
-1.166240893760604
-1.3134255162792168
-0.16080748118994467
1.4333303285032957
-0.3443835026062435
-1.5383761894526944
-1.872546134897205
-0.2975852193274805
-1.2392139804521238
-0.8197227786401399
1.495756992491859
-1.387180272489187
0.49129682521390067
-1.302869775219616
0.44131582378373174
-0.9837415479048707
-0.5534640337561216
-0.8076006036518484
-2.4822999571088213
0.6968802074006134
0.9771681976937694
0.4226202061188266
-1.4790501483675556
-1.6772588330384037
1.4379195210052556
1.2847437469506793
1.975643871997912
-0.8577846713633926
0.8693227793959144
0.3533755924468486
-0.9673187860739599
0.9012201408603824
0.3410785520010804
-1.1786147116036807
-0.7340175337181837
1.5527850801994123
-0.5801630363727038
0.7310087174231575
-1.9699042362297645
-2.290403515604779
0.6371044801007996
-0.6626483334411587
-0.08645187816341089
-0.6797474468250064
-0.44964179987195635
-0.22879728350781586
0.01211985889567432
-0.2552874340594921
0.49963630102427303
0.6766182454695797
-1.411170215025828
-1.759841664487281
1.4530363167137796
1.3701129046876308
-1.9031606817889788
-0.1799731922905218
-0.12876622720190384
-0.01647936581533553
0.04567552149103279
-0.4033484545547938
0.9548548615677878
-2.0618584653285166
0.05127961789616909
0.9036094343192763
0.6901705790939218
-0.9718703031808632
-0.04295157572146945
-0.74819663218135
-0.4488726981710673
-0.5365551619730392
0.08827539038009677
0.017868499056507996
1.1416094424114875
-0.8546985655113435
2.6779726188362973
-0.3491942268296322
1.5760892382789102
-1.0396824806091076
-0.1413096739388754
-0.22164707636932882
-0.3239996701532343
0.2540190245341975
0.31935654639823335
-1.2258977345426025
1.1884087830309926
1.3560766771962642
-0.5831130446213227
0.9711697245741465
1.2421126989811793
1.2640853954689912
-0.18065518123665747
0.8209280846867636
0.7337610682592288
-1.1703239829170426
0.34099336219574605
0.4117559304851804
-0.2350037276881238
-1.9385196447867123
-0.731393684182549
-2.112625237617645
1.8119770202234875
-0.23687940864887652
0.17519799620526832
0.27305444549940183
-0.8188244300284793
0.466477326252289
-0.2262220212476092
-0.9135914081767598
1.143920042188329
0.7771885420967956
0.13256381225255368
1.2067574095581144
-1.4657524072904027
-0.3455073191402805
0.7401062808710697
0.31088755526867246
0.2371640476473357
-1.1239303702406194
-1.3084360275498181
-1.2367898286091485
0.37495100064315035
-1.1785055131338267
0.3955803935216744
0.6869698169734697
-0.11760556852576909
0.0981008330347643
0.5308513904553162
-0.5456140463238608
-2.0659909479826593
1.2439627286452857
-0.9738697468567642
0.8756341461284606
0.2593846061817901
-1.1857657872144123
-0.13377674323909391
-0.2934192513932088
0.2186551027924477
-2.3331823686287527
-0.8607190305084862
-0.3948050542242609
0.427446066681684
-0.4833193252304472
-0.6533562496694888
2.3998199087795244
-1.854647705335713
-0.5453994482416293
0.3516438258283452
-1.3968089895963223
-0.214298869287892
-0.5216205657306133
-0.11771902253532161
0.03316886691042059
-0.6195049291975585
-1.0432998636743773
1.7973143648067305
-0.7624632254994648
-1.008535564623904
1.8788594180730698
0.5889101164070457
-1.2986822806621363
0.77635917264586
-1.1589856934807963
-0.5272700504694426
-0.056805360813070624
0.30850583311186097
-1.5478495121150357
-1.3089844182250772
1.2775719827067957
1.6502155952561575
-0.21886183077291332
0.07923961480026111
-1.3769375266572605
0.8844749249640999
1.4825774463784647
-0.9534049166474048
0.33345007237377094
0.7437504722061337
-0.05033893261577303
0.8193151467975461
0.41140300162042176
0.9383560178297851
0.3559850297656933
0.4313559659129902
-1.7236373622529884
0.05751844109939859
2.10350346144435
0.828582667960338
1.854213332988155
-0.501287037571609
-0.31360942936101105
1.3370151069180984
-0.3135848933539917
-0.811142244299097
0.5645771310421356
-1.0473016981341863
-0.7625938550922701
0.2814510593440408
1.2980662359127781
-1.085191209363853
0.40793502293747264
0.5253193557935545
2.223725291839373
-0.6240753415424933
-1.2439985416074173
0.9558817859446767
0.09035496548532614
-0.562819317925279
-0.40719086099726337
0.8144470587937772
0.742073279279901
-0.21559363658300437
0.471935427733574
1.1766184331666105
-0.6521419111773221
1.8466607976472262
-0.07112453720337093
-0.27103984074245785
0.3496884095800761
0.2000468580966252
0.9931191597323847
0.8233191582742011
0.454961703889668
-0.21593525600081603
-0.985558146021861
0.0905432669117722
0.3282816554099524
-0.11092485117203199
-0.3077235955860135
-0.17959944472866873
-0.3012655652582546
0.5628633091252635
2.884023804491649
0.5478618528693924
-0.0801290689039532
-1.2388530660530044
-0.602777661342937
0.3367876516259135
-1.4482538386769046
0.7125918817157514
0.8937116218385018
-0.1917788484493494
1.3827900870232315
-0.39706819248432346
-0.9994422234068195
1.5009359240210152
0.5238005551085385
-0.501780814116572
0.005398378128280673
0.6768321687208431
0.6542790837880221
-0.517141711487691
-0.6041495440352812
-1.3354854861332688
0.29068581268175725
-0.45965708976881875
-0.3627990462057087
0.6208055419405659
-0.2484823011966252
0.8224717439476631
0.7094171982225654
0.07417109116421435
-0.767383075343326
-1.0603573097340033
-0.32713369340470666
0.9815275043068687
-0.6303005097809162
-0.522832709949342
0.39354738542180584
-1.2172483285979452
-0.6671686836658847
0.6503974351945238
1.4298010711503961
0.8877298891228518
1.6804625758748633
2.569342309404785
0.6072200808099628
-0.1563239206736562
-2.2307999070979028
-0.7036921305614231
-1.3116042374264272
0.6288626262597442
0.8500448946077636
0.46571714178246243
0.343870600467688
1.054280881347771
0.9939328566319372
-2.7127472766301293
1.12180890294911
0.5365411590662401
-0.43260945089277025
0.11215571189459789
0.619290029936312
1.9886733642553311
1.6707328175953897
1.547329912461805
-0.3256895211373793
-0.11453572573059484
-0.19523829959955202
0.38965914241803806
0.11563726130592232
-0.41608264958580954
0.006128653092504669
0.7596132912103587
2.4117796297172265
-0.2597348493772125
1.5509302178175715
-0.751712636239742
-1.603618666279021
1.5783285526575292
1.8689775070348813
-0.7634915830578669
-0.45764233965245005
-0.6452868075067124
-0.6205196994244777
-0.1114018782693509
0.7148365609524817
-0.09128735960023546
0.41543328134985613
-0.15966069471017777
1.8608834992665564
-1.197440631679532
-0.28494209632510364
-1.4791850952340995
1.1371850347935997
-0.6444938312817046
0.840181121680975
1.1163134572339162
-0.4093913963056778
0.7626711487179462
0.25035513686305666
1.0522754637119287
-0.2645040808719898
-0.11872897874012918
0.5393218174070747
0.3894876272313893
0.6994070353491417
-1.3517706386913855
1.5932812042091211
0.7792932371990603
2.6154434916575404
-1.1521009184059885
1.58075497578143
-2.0583897253993544
0.5217194209498182
0.5952723873447238
-0.7251628789334673
-0.5463669655908667
0.4879901367884011
-0.3317551078888104
1.0337542903401096
0.17929004902423068
-0.05243885028380159
0.689996247040376
0.4710065279630681
1.3475066310679376
-0.8355782646313935
1.223209135418638
-1.4821977450315706
1.1877673236089235
1.2269609880223453
0.7790847241391475
0.8256628028710367
0.24949378347587317
-0.6005214321435708
1.3390796117323105
0.8792624619714084
-0.16202447654643098
-0.07435933462426132
-2.7514453348364274
-1.9278612939346313
1.03421917201733
0.41749399044706365
0.8221325555866339
1.7964048342812478
-0.854028186264689
1.3822604038061426
2.0292848333417455
1.3569663151422364
-1.032303348893229
1.4259635610027819
0.08196112514479752
-2.3592721162589743
-0.047194172154457065
1.2584144132995616
0.771037815984994
-0.6808837365637853
-1.2064704710247152
1.2820763415930647
0.7306394190977619
-0.9499339739109289
1.433551366160938
-0.639046492845177
-0.7097057435426873
0.697584559814181
-0.08682804091628608
-0.6826705786434789
1.112947670370966
-0.8669793684845541
0.522447819225969
-1.6030923175427656
0.27287294428324443
0.0764093937118593
0.5359096182329054
0.9234376342595673
-0.1266863191668161
-0.22985477870637805
-0.8391367423528324
0.4133642219741821
-2.479763235959314
-0.23759319513220928
-0.8532493007446185
-0.7250064306513124
-1.2714429446179782
-1.3143899153544398
0.915701838263029
-0.39321910745127236
1.0863671556025185
0.8963557666027255
-0.4317996592616831
0.5508139683810886
-1.1107264133651877
0.7655670182722532
0.24763012319412026
1.0008452730191684
0.0649737572082128
-2.180246790575425
-0.0784729843662154
-1.2674279461269462
0.20380265592794827
0.057055711428667
-0.13056334348410442
-0.8847265180394592
-0.8767909753804802
0.4156845585687199
0.62376332890869
0.9270017386273902
-0.24483461837264625
-2.22119538016344
1.3485741680594707
-1.6726158642515552
-0.22355828087018492
-1.0712190623446065
1.5774309322419695
0.2590160081746329
0.8959005931229148
0.7454544896936985
2.1997335486011926
-1.0639419055738057
-1.256495670431647
0.05278520004281391
-1.281460429707044
1.1504043811135518
-0.2174184553889262
-0.32374344128482757
-0.3089086656566714
-0.04251201166779947
-0.9382989641495908
1.0553053471777687
0.46855089338287603
0.04450688317809592
-0.46074800946957095
0.5322326868372056
-1.2563311154484789
1.5894062827439577
-0.9511971160845876
2.0202288344505717
0.018896769273149032
-0.4426908107879573
0.129928745619367
-1.860789788452897
0.6667933583513105
-1.6096479058075062
0.4997650667107245
0.1299853654726751
0.7339109650177912
0.5834996932799436
-0.9174397891782937
-0.9637664953046187
-0.5559771158318201
-1.0705540770260134
-0.15834027610741444
0.7667969947734664
-1.8905475855617393
-0.8044027553202747
0.06881160971429987
1.0319003237331992
-0.1222845465314885
0.08990150703518071
-1.5557008880681586
-0.519541442447749
0.5655554447948601
-0.118515310270666
0.42570076520684613
-0.12591349906420626
-1.1589028159425618
0.6304462194490263
1.3276135648678162
0.20062716617165272
-0.8761662981325272
0.020054524223440135
1.4472908813648007
-1.4346020147947192
-0.35692855475379415
-1.5424552470467268
0.9302624321043931
-0.6081408909644826
0.6592532102881098
-0.3776950966565665
0.26653147320048554
-0.3264834501328302
-1.4799712616662406
0.49214107049603456
0.773191488935997
-0.611480084776973
-0.16095497357353403
2.0192960582081434
-0.46234372912606153
-1.6209344219605688
-1.0402415796723963
1.1011249832833474
-2.0615976311346604
-0.1374512542358543
0.016910082688508802
-0.9173152308349397
1.227376917053829
-0.40866323399112686
0.338902827084981
1.0669135390995457
1.3837300854679537
0.32185435677412205
-1.8808223789682272
1.2177487931329056
1.2120720889298056
0.5056206863372326
-0.9145223458077711
-0.7046867422706274
0.14184331387257804
0.5368193811187872
-0.04414101932129629
-1.72178423402819
0.5210931531734602
-0.12332285319802809
-0.20432343590066665
0.29035320188781505
1.3590994220903945
0.7782883957816955
-2.272857219706088
-0.2655840328799931
-0.3461523179787875
0.590753797932963
-0.14790970831328717
0.3813507430973713
-0.5910157355413129
-0.2732708631955558
-0.36144407342596874
0.6067189541295294
0.19471129384210115
-1.5680192622525206
0.7083410131124239
1.2976572371105282
1.3547182773781115
-0.29089509790286683
-1.290472573552001
-0.5149137903272766
-1.2841869847438838
0.15293592074214393
1.3301717927712478
-0.8951506236843536
1.1229125664629451
-0.5604240175361551
-1.3573589831051474
-0.8733704074707365
0.5074998799819816
0.9413966342245872
0.5403711357153624
-0.6989176214060993
2.6745011786295243
0.35781784473043216
-1.4637768551892025
-1.8488589349753333
-0.17097105574487406
1.31790877573397
-1.622045913962456
2.2715015486931422
-1.3272475398421395
-1.2368549563526685
-0.9334810033168817
-0.866707593850475
0.7780326623163278
1.1002033041980717
0.22623943005474056
1.6540575531393615
0.38304820507878934
-1.0667745145027034
0.2630723887744889
-0.5703713161215093
-0.4862551095045765
0.37803594578788413
1.509459666432885
0.36874924225787725
0.9618298538499559
0.9517048868836315
0.04237834989168403
-0.4933613730668979
0.3270669407784366
0.02558266958808067
0.6461543671656844
2.892366095380325
-0.338291599493001
2.4759863942247056
-1.0850780508000188
2.132617527925779
1.5895766916182965
-0.7395097427078523
-0.5512647544153323
-1.2448136471087345
-1.2717203637011663
-0.5359014378584105
1.0916443220293455
1.0780777982734184
-0.5147028252401393
2.3911617587272547
1.0103564220346102
2.511215909163221
-1.6902982048293858
-0.45232961567715196
-0.40888947626409233
0.2012697684531606
-0.38664947726583426
-2.187883735609128
-1.2326533376180075
-0.5060326164305912
0.583674459575613
0.7165088519895191
-0.4381763828037503
-0.0496544949372152
-0.694977783895366
0.9425618428484096
0.31890713254260594
-0.0784531605610504
1.5932824801336085
-0.2090197552848963
-0.5431871549281061
1.7251321927655006
-0.7793687889502218
-0.8231089753076435
-1.8785979523717837
-0.214564060253411
0.9999081809201009
1.9299502287477677
-0.6978701740380097
-0.07137257869044523
-0.4769604568459056
-2.1648959979922955
1.1550681341747695
0.07233735327708057
0.7941056782695952
-0.9372851079633012
-0.10606591092312528
-0.4569106967046763
1.2639113971927405
1.1194923759060507
-1.6449470648738058
0.5067275863158373
0.5414553879578821
-0.10347625548354875
0.38839570006702706
0.616427436155211
0.008742142793992979
0.4328826705290548
-0.6715000964503757
0.353857444798196
-0.1921557108027469
-1.5446480107982885
-1.0201254920116891
-0.980953933649871
-0.08161046247330196
-0.2037784740805254
0.6284704426343968
-0.43039381059813364
1.0474917738748675
-1.1424772188742236
-0.9113872566746238
-0.22155656902217108
-0.3790086187834961
-1.0030559672597037
-0.11753674569577884
0.385653831743432
0.7976125017169844
1.54273267937485
1.1197683357724857
-1.0950297231893198
-0.5104456757960765
0.8121316089669013
-0.3677885942300234
-0.19718212056798715
1.1804223000575729
2.3457887518765532
-0.42841062400160107
0.9727642661486897
0.4418487501294571
-1.584575582612913
-1.085703508831749
0.02161304534780877
0.42385791287768887
-0.12460671200248694
-1.2786552831089832
0.6507282056280626
-0.16414144732250113
-0.49145273468679446
0.8232635029069796
-0.12354873270546737
-2.125931506094461
-0.451107042180392
1.6148188127121896
0.2268638510912712
-1.8508692141526089
-1.8038055070149528
0.49439894862544825
-1.2581823729030692
0.370296045760342
0.09610764792764996
0.12600329377994415
0.6468555180263036
-1.3962146921687024
0.017593945970816892
-0.3458162683698497
0.09705211463033442
0.6347502438867032
-0.10971281393921323
-0.17037154129596188
0.5493313657272759
0.1413781341907804
-0.2611580912344351
0.7177374733145144
-1.8685406508934155
-1.077622705789951
0.503541600179091
0.20016528150828478
-1.1826891913009436
0.45702967052883364
2.449174834892943
1.1422953069435804
-1.342642350874534
-0.1200649360625265
-0.12739534131528502
-0.7047929013525034
0.9529742565182241
0.03849468483968695
-0.8653750752115408
0.38624866545453096
1.216998302486922
-0.13574457969664452
-1.4690524220302643
-0.6649535607828987
0.029791656001873317
-0.11905009612087156
-0.21237244487237553
0.5903107555212511
0.5207702400605005
0.026137137990711514
-1.2847457747313964
-0.43736321828864366
0.3790089694785067
0.3036190901489019
0.21675786273461323
0.30984533183577617
-1.0559386993939575
-2.2249299937803513
-0.9480055423880578
-0.3892526129808329
0.1631206338456106
0.3748416704848878
0.5948705786922992
1.2240299835487982
-0.49048695838627415
0.5172390822991476
-1.0160345994316817
-1.9691605019913967
-0.9495026223928125
-0.7781889092370827
-1.9983731073298978
0.009837038670431402
-0.5682960106080296
-1.0183928942145597
1.5663531920688474
1.099924077656136
0.003943880877859274
0.7375413325432895
-0.0341194488526776
1.2652483978961448
1.998220281396747
-0.6894491655376114
-1.0356357808640144
1.9579803290016389
0.19412941901236253
-0.7647196254759161
-0.7161373310084901
0.1936759845179741
-1.0892320150150672
0.8356663640294143
-1.7397683032628128
-0.4728359762550617
0.38226862801451333
-2.582052580392894
1.993616604553352
1.2327905936351935
-0.8262969326801599
1.4979171929413002
-0.0499698863737016
0.3000376970661985
-0.07911703878532952
-0.5016132171713868
-0.18345211933572894
-2.2737721528839523
-1.264186675798858
-0.0983015529119134
0.1463950777108564
-0.08395374806049655
0.13864207773154122
-1.4034194515092075
0.8963657907144553
0.75183983048822
-0.3524282428255855
0.4554134903534344
-2.5116584363115972
-0.7011295520949411
0.766102361322191
-0.4880770195192647
-0.8310466688929585
-0.6623014578010699
0.7498293503227331
0.6434123024054632
0.6696877849666921
1.262682280653603
-0.6624554200600581
-0.5648324694534977
-0.07675685490765148
-1.0086527426156162
-0.17191092350662304
-0.45382454370704683
-0.490453239769988
-0.6704634006221766
0.22866928970493886
-0.35099985189062344
-0.925955284153041
0.2952295539915607
1.0927687598236608
0.8465970450577388
-0.2854722386924672
-1.052048182160813
0.3196167895864977
-1.1177854179735207
-0.05035451059817097
-0.048898685709357244
-0.3222159070746489
-0.33246267536067503
0.03267645448414514
0.30988130749609116
-1.5381668875460524
0.838926798142946
-0.09191518884201007
-0.686493668901598
-0.47961255603534786
-0.19346626248273474
-1.5716502838538104
-1.9341919910532237
-0.529227152897654
0.5231320425951003
-0.28626697401627704
-1.5484904628523153
-0.09246334318660515
-0.5070853156724988
-0.12142520467910776
0.5816556270521679
0.2595682843478384
-0.35766818457800803
0.31254919485466615
-0.020999739199852405
1.1253121214842272
-0.1856487006046004
-0.3767434409381813
-0.10265049141634575
-0.28143455698661757
-1.9822787149161416
1.7221760629485652
0.2824495944065497
0.27375529326512743
-0.3142947381159616
1.7059570696732305
-0.19711098774528757
-0.25835449133437344
0.7288484524908595
-2.640495331028291
-1.4104388376369483
-0.37888690503979944
1.0594888984668085
0.06894645685900798
0.4958423186386177
0.527119141040413
0.26530551488578835
-0.5010929095750044
0.23176586503200242
0.5715174884041611
0.40813019062380385
0.17819268881623873
0.4695895548418359
1.8260176862325612
-0.8105840982698459
1.0791534480189375
1.251533019849153
-0.23534869279730697
1.1499034949841855
-0.9911051669062313
-0.27897292909878707
0.7946147084050591
-1.563858126030393
1.4071074713258749
0.8710320566081904
1.3672261709623463
-0.33276019996324796
0.21029355603223068
0.2468562692721969
-1.8525208440131076
-0.6031343201747468
1.8232456683793026
-1.6302796190814508
-0.047839036719563785
1.0094513287718725
-0.748372741204498
-2.4469667518703297
-0.2505568733419704
0.36256213606215126
0.9218661053554625
0.7504371444777905
-0.24328966715089254
0.4195362486579577
0.37579356339826087
1.7770915642771072
-0.80955889240415
