-23.603798724532236
-10.474387772115199
-5.381978340661366
-15.067740417430825
31.988405278850678
3.2031018890725176
-0.9913258313444602
-22.45387880684517
-12.155925689783894
10.7498004319772
6.359946205192167
-11.811824689160561
21.422102955956888
-30.00856771273104
-6.109844322052429
-25.43248547473269
-9.974387363663284
18.410358455763447
0.17522354334002055
-23.584117189400015
0.9522143553537934
-1.1975352459770012
-5.722308574260838
13.657770669975882
-7.022395689532922
9.08068416757028
7.909754968043926
-25.134532689559318
15.403178346395812
10.891945536329086
-15.85852249317138
-6.831557966870899
-28.390194464560647
-45.782031379061166
-5.114119283982832
-38.14388299167673
-9.173642368290592
-15.13447805568396
-24.188863490086398
-19.276004034533152
-23.73875795873751
26.01185732255602
1.7943524658048082
-14.491144381699995
4.299831856590984
-7.910000536912556
-10.659077144267865
-8.072338531168223
18.10420733515441
8.015688193443394
-3.387891962010024
-13.060998793593342
-2.349218784188573
-7.543556443039314
-11.702237475268067
6.5474846165301575
8.991817867266356
-18.23658892955745
-30.894628028284384
5.093428953567905
29.058442650681734
-21.733668880069807
-18.984145930884434
20.72851331786452
15.046135563219568
28.189303950686984
-13.081678050521038
-10.375703633621137
-16.61179156589298
31.57291071744589
18.72168202299587
11.829972126874432
15.49025823735876
-1.1547534924122904
-8.064660289470236
-1.9450785874437384
-27.419226659112844
17.487480531007517
1.0714562737664979
8.18754352150738
-10.008307820754316
29.249219548930412
-1.1992230664280732
1.1561819440925432
-6.259639536808938
30.1116161252899
-24.17585863937925
-7.817914259535664
21.464313692491
3.971505638343638
15.537801713945942
-9.049130500615936
-26.40870135931964
26.894235583317307
4.275093743104772
-2.4773178125531814
-1.5145636510760667
-0.18963900522888538
-3.3885548349322048
46.2552738235516
4.296690475009667
12.601818750144181
18.406081655076925
34.13077351862505
-13.57834628182431
-2.467726883349115
6.413044556886009
2.7878484971949353
8.660548651263344
40.600642856146585
15.676782159240542
-29.086479532401615
15.880922810955713
-25.425948496763663
-0.3052794699038237
21.501300177318974
9.358921100304094
-13.769663867240954
5.469901758868525
-4.521182599981687
-1.1588932670794254
7.731076121681386
-7.294425647498714
-2.756778522138145
2.193187042759456
2.153593645035065
0.8162436770770866
34.06466340408184
7.48167490671116
9.508310612970286
-7.323847742177625
6.045023916974881
-4.202681658523393
-5.764487889251667
9.753725400269756
-14.076781690050481
25.505940793298326
-7.374520162753793
-10.328997146238889
26.992584782406443
5.355460397284494
6.757593794512213
-13.435026917062403
-0.15159151676117383
4.168760406000718
-20.21369355019054
8.949915147702095
-18.82025225455701
26.691774166580874
9.485188841259443
24.23741391357195
-11.520592950911716
10.443823260517057
-15.306477820112951
-2.504010180498693
8.998156061641076
-29.512858271514656
-11.692647732534567
-11.240528985583376
-27.28259413825907
-18.177935244897085
-17.37116969203172
2.0267548972265597
-10.832823917356292
2.304733756612351
-25.920239086518457
10.66067176575989
-29.231528198736576
15.765891417185538
-17.376352464435712
-5.845985990076391
34.44198711785925
-22.854982023281156
-6.86271694335999
13.708204814020663
19.04760032184055
-9.09076419263998
-27.870218952212376
16.284252145942656
-15.969377995736542
-31.005603166762207
17.878019649567435
-2.2124388474948846
0.24354272403220237
-0.9753386650424882
12.358402384437994
6.7878771220399905
16.951145551215493
31.259673628556502
-4.758134390466571
9.8887502437259
30.624527352525934
-16.893585093755593
-4.542619195760719
9.996319122596727
14.543676901785394
-28.735800740542878
3.9398145861170626
-16.914117493425024
-2.654354052079983
-3.2773525400002272
-2.0881249937882513
2.8147770657766253
-9.69061617661777
-9.066136258732774
12.100649641722573
15.032465256310488
5.252738631858324
13.30387824187039
10.840188326361938
-17.426424776678658
-12.65976760836681
3.8077495039624254
-21.459900811057217
-10.420843888741093
-17.49891177354755
1.5183713723591974
5.314977116113468
13.868235095596953
14.029750826508801
18.65611328737696
14.954480764697571
-10.733362111172069
-26.698031974744477
-6.892876913394667
47.65714084949504
2.3930239996105964
6.251577303237336
-11.313262163719108
-15.721606140864498
-30.310340538742707
18.761430827472466
-8.486968944843298
17.6370392821125
-12.464914499165678
-14.106942069794204
11.16283729178576
4.075915970149619
9.98616928770379
-14.719202505997036
-9.933137717915303
19.66248719040598
18.34942670407551
-14.536260438950295
-11.255805576083066
27.73554522829344
30.398776702366664
9.954986424050622
-19.2477634456149
6.845590288454198
13.346639751384824
-31.22959408909435
-14.376388069210073
15.246828191909644
-32.575382541978676
-8.693075727154552
-22.774227471956753
4.873324945096525
6.048738338667348
10.80257014814496
5.080591211392282
1.0974850011570878
-7.787376317804361
30.00142161884507
-3.2613177382827354
-25.182457159065976
14.994802040633388
-1.4881800220447345
-26.319501134792578
-2.133244697405559
31.70304232033279
-13.86549263282927
-17.5589281988518
21.646505026203815
9.526891791665554
14.35819221989317
14.82352384932331
8.757290442440471
-13.894151862896695
21.130783996519877
20.57039830224153
-5.885297657069782
9.993112816894534
19.809959408214347
-1.4980039401515066
6.634059787608077
10.417119233888195
-14.408977018448986
-12.000064706792411
-25.81113275212506
0.3140549415946151
10.175406907438559
-30.086089461580197
-11.550352984690441
4.636713948764535
-8.652171515940001
25.2907125539498
4.376922718738137
18.62143913760441
-23.851519396630763
-21.608415354342405
17.066299217052016
-26.783374483163485
13.21734426299632
-12.25635293846272
40.31738527738953
28.75343121499067
-23.496708208644733
12.476396424330488
47.50702881323231
-21.085318309199906
-14.567588539816466
-0.7564378392860439
24.772155536392308
-13.342390026769243
0.04599276443317018
-18.069936269318887
0.8284137539112636
-14.57814053485635
-7.879107313693959
14.542136975854703
-9.714576105169252
30.777360130798076
2.7824352868139033
-0.5333607765758451
-19.305496422769398
-4.501711932780815
-18.51247607898461
11.092559072344718
-11.561846997437941
-28.095290483630205
-0.9678142882501414
32.390391571406866
-15.433862086124943
2.543455798083871
3.9645828567698653
18.91438454314509
-5.06565391774183
8.195674791169937
18.11356265005164
19.88708932505898
-4.286339082199904
1.8558006781116472
-10.546388839087474
0.5852129620601095
22.37263393912597
-0.8225670134357667
-6.595240490191603
3.0355811250250113
-19.937135238924544
22.943398545607494
-5.719270159317191
-8.6825329653441
13.806412132329209
10.690025806709423
-17.168613503365112
-25.384182518754134
1.3209370374554648
6.775679353742604
-16.795247329197146
-0.5863320399714358
5.806958724525624
-44.793190110811146
3.543244856358211
-25.617131070847943
20.335500307868436
2.9255713169091035
-17.731589513068435
1.624855515194366
-19.35936820751027
20.205323843934387
-15.794515082916869
-11.484564649623842
1.6224899051630481
9.174678186543915
-4.521092333340904
-42.255511659699636
-12.476108838353598
18.815056136074606
-16.629798696269244
-4.547837505228497
-22.023982032231192
10.395170336324274
-9.308536702172072
10.151022927172368
22.76503352245147
13.164460047054654
-27.699290161660258
-0.2115681614734945
17.97240327871134
-11.209750733521258
-7.011986879939071
-3.6455868919784793
1.252038076727935
-19.143916859023907
0.48814315232641753
32.14955913180255
-30.750971260711864
6.6593674096867215
-28.704024275852763
-31.438453607245954
-11.511829705106386
-0.3276480458710241
-14.357352184206453
16.729552529391437
5.532329495209026
-12.053228915165946
6.734252293570321
1.4146093308076528
7.291551112213271
41.22264719920199
7.982029977423143
-38.02659361386938
32.77594975851978
-7.481360218087293
7.762007162912951
19.76148287482138
-19.13502217103365
-22.576278087915227
39.55728391939003
18.89645401522417
-13.466541202058895
26.907460966042503
-40.49309021647727
-2.5290591801977103
19.850249491864254
-14.593434061152683
14.487377530083585
-26.768940291407905
-3.0588832852554906
-16.339446436775948
37.41994636890117
35.52277390130964
12.66641208012174
-6.788294796324104
1.2527956525507955
1.1891190591434444
8.27291401397412
-7.972958529964096
8.944773396100556
-46.04142142682915
25.71955386048996
40.521362564622336
-8.756189009663945
16.383321784956124
2.455301953369473
23.705239677544892
14.288072519280425
-11.433671058287578
1.326500654589319
-1.0412245262731565
-14.108929501969476
2.3496706162855925
0.1737938219938464
-18.67474548669594
-18.182547067698213
-58.21294707306597
32.36292741939642
12.678077949463905
14.571268949669923
16.76449770940179
-4.207036373789838
20.15591650450519
13.736823138583715
19.35450678394595
-53.27506893111071
6.605108062516157
0.23192698539723833
-1.1676991446719858
-20.293671736861345
3.2505521928216394
-52.62126963090835
-12.42855844523708
30.305123102981625
-10.283834215712647
22.38031058954611
26.912807178049746
1.557191971328551
13.912939355563104
-17.234452795974708
-4.630013539269536
3.4613132087437424
-8.51180965731198
-10.569030796990633
0.8991529693874618
8.113410041304068
-8.377834857552802
-9.848210269144937
-7.19154741100944
-12.883994497742115
1.4374001641077432
6.318287763289458
40.34778989402854
-4.216591928217774
13.58228096112245
-16.409974915121584
11.353406254044362
-8.891044724637524
2.6639150366582234
1.9017819927993411
-13.240691770334422
14.645674826977276
-2.274775219283864
-15.935515210939675
-30.268320662224866
9.480453437694544
25.35868649249168
-19.586460605122788
-18.518338417463376
-6.594146532103362
-0.5354176043621268
8.163478939376928
2.4588688237145404
-23.600364401394383
2.486082801444089
-3.527153114729493
44.91038509863781
-2.633823451688582
-9.936945834081195
-10.81667112594849
-1.8944863288623264
2.21565498517264
-18.178155371211336
-31.45729257493323
10.726061240472692
-0.28016502354655404
13.893627017562315
16.32319249316121
-0.4504725091599723
13.697141295265116
-23.533148194555142
-7.3308452670138795
-6.258582619595944
14.419846953410755
9.962716090707476
-31.54297583617868
3.01427336160685
0.340412312908281
-7.6675866392535825
-36.389627105448064
-36.301339205339005
25.285530473238374
-4.645524856225494
-1.3047763325469526
-23.374176048895308
5.906495797596651
-14.849785560085186
1.9162390043497675
22.229566031658194
-1.762776040777952
-28.963986757277553
28.55498782068864
5.184397522275542
13.418264901121551
-1.9178682634106927
-8.419686615676055
-0.9144489937916858
-23.76335400575076
-15.49635827469566
-18.932680804555638
-20.251503833738578
13.08632291557964
-51.311807405282416
-10.58880696419898
-14.368446600093241
-6.389171113028972
-13.24023932395113
7.233989841603488
14.279397818166156
-24.871151869556847
-10.5928200958787
-7.791578774002036
32.39199727899096
19.104423532200233
-15.876272612777516
-6.46377389214804
23.45319679607715
-15.013642903320578
-17.037480988362272
25.812588378249746
12.491791532024179
-11.116746362619955
3.4735693908711367
-20.589466003550697
36.64400369891175
3.549188543315775
-18.484285396006143
-1.365384120861155
-18.691409453842617
1.7833568234980786
-16.72023135571397
24.83103707197453
10.848552702895724
-17.979842072738176
-6.044466346845655
16.286850087142998
27.15697836713788
17.489311705592616
3.892690648632865
9.838980773000628
18.731005615596132
-2.455713641176949
12.898787743038186
16.511763304896395
-12.527646662550682
2.366902523787398
3.307285953773504
9.591231691796557
-0.5582157061664343
-16.761809200750093
10.459694148490357
2.5059048841962666
-21.80422262836872
1.1887653666802889
-1.4755151334922447
-1.1500264121701136
-33.64763287736449
-14.138791935078865
-22.393632690574286
-2.461244002490505
6.777941777737692
18.615439948672755
12.222832794338995
-15.74925454961343
13.144237673779768
-16.47387522592464
17.167444355035794
13.659519212299061
-13.814660157593158
-22.548469804857394
-42.96524657290958
46.16594592887425
14.078267239868627
-14.85610537147155
-15.065290274994108
13.097531853831201
9.67464031892726
-3.0862567560755116
24.652942645596777
35.79465696306268
23.196506415234744
-11.816072697594182
15.520973090295413
4.13383866710292
-2.1557324963388425
-11.552916979513725
-9.696246252593442
21.02237516278684
8.713759938775523
26.14928801731553
7.9252418764553765
6.86068684282251
-38.89739017023811
18.779098262735598
12.356534025967886
12.681860862264806
13.961956926301145
9.303971689253698
-29.73071159385446
34.816227003309926
2.10668951101282
9.668657299845373
5.651827212941775
3.216718236363006
-0.5691904211839713
20.635546734769296
-11.196911098061221
-10.938151228400763
-8.869786224138933
-27.828296512755855
21.57706852115846
0.9826157701499787
-25.73067394893971
4.944075161112514
2.1245430615079917
-0.6562321849626531
-26.60720965959329
1.5996669399614913
-10.387509299258241
-1.908409452380911
-14.651335592483331
-13.049564347947552
36.13322033248517
-6.846602609413922
5.385589613377968
-11.8155652634523
-11.828969829216767
-7.540789750375316
14.332160345993987
-0.7538494418538504
-14.405367595036672
20.09783845936987
13.845282480820503
16.000332988391595
12.947703371289881
-9.434212540763992
62.466634623390426
-9.578562169280074
-43.378992166651564
13.228235060983002
-16.482841890725062
10.586118393569105
-4.969473909017127
-19.996748721074447
12.52537051496488
-29.115772553971375
-6.315777573200982
-4.9091207903791
36.13579966573557
4.319871762009374
-5.137968411195755
-2.632236689618304
-4.199134349289273
1.5829391935032646
21.35491187343918
33.862775398054744
-9.772082987343245
25.964127057260853
6.213873426705472
4.208908365744068
-10.036665852690442
-0.09678935741539352
-14.258799535182511
-9.749909240847115
10.72748043362315
1.6787427465264653
-14.9945721401037
18.65605487342245
5.218978194198673
-11.286419482501959
-3.119263035088781
-13.872421360751057
-23.34107363758811
-3.945907674317061
-33.958033157767304
-44.922609582806544
-14.041976595167611
-12.04687295517106
4.62429699515212
2.1971088883210355
5.76114873756422
-31.74887187235547
-30.100732653349148
4.564054747568566
-36.933622858379756
1.40034205608174
-14.434904541925967
-1.9795681708550994
-6.486487395924214
-24.0287462608673
-3.559154206624336
-24.631932779159364
-0.35282475779683153
9.907532890428863
40.266165077986926
30.094535066883715
5.5329853377452896
-11.235255535329935
-14.163187908284677
-1.6830668857906026
37.94414307739403
7.3333316929482955
-5.597715180293452
-23.641667591574606
29.726142672070374
16.405085497953205
-6.00619490541386
9.01661170980965
3.972079552583861
25.52578674470732
21.63894091462021
3.4858155179206607
6.047798050631002
-11.84047315133683
-0.8582356474265912
-1.6888808385418945
-24.292710549965427
16.506443801886093
-27.611082980673185
14.140649829381337
12.490980686498578
7.640306135976653
-26.6318674030722
-11.727451414793451
4.825627004635754
6.850244237262233
-31.406831459938232
25.351505657700514
7.084074636894314
-0.7974461873584866
5.19107672198645
19.439511835574784
-22.952819416343058
7.5132115760289775
-11.462077299874991
2.18574473414002
8.444456532495305
-16.421252586086442
4.088476825520801
-15.503270585091926
2.8044291513799315
14.042241983216938
-10.552141403685095
-10.13417729124095
-38.56543485107407
-2.312291752932998
-10.782508262964674
-19.098319943027356
-0.8774832532508849
7.224721688970623
-12.71715535864773
-25.95962641905817
15.04721329869432
-19.935358391565416
-33.78393794412264
14.308774942139513
21.208077168047186
14.038023062407428
21.91592668265357
-52.985218513999364
13.465556980505863
9.695495028131454
12.636501120222478
28.563155301445462
21.846989585198003
-9.83898631475522
-8.283798228768495
18.690372089274415
8.198102805366952
0.705712142870278
-37.35896402781513
-23.73773665461867
-8.62108705536061
29.475896852061577
-17.305217902824072
8.291745048617598
-0.13394434022812507
30.800493298091965
39.14747436592835
-8.79379401021475
36.139604527679055
10.721334494781395
7.9568767729613326
27.418487010785476
25.834439264665793
1.322231167649567
-12.245683819927311
-16.94577468977392
-72.71534806742444
7.802964262800122
-18.88184269647232
-15.026739239325117
11.756064790909358
-16.33387874061409
-24.494793334330616
27.808221011874096
-15.757327050153869
10.312558008754486
28.61918898771279
-23.677242031185145
-1.105502669369257
8.74590560087417
-13.381544469765084
-26.30657910583472
-13.712762428307418
-15.6452946618432
5.821569098483871
-5.812190268394808
-28.56805349157332
0.1445572434842209
8.885316601223607
-15.63256139945614
-10.603288932262753
-15.286140381634118
0.4186638796261063
13.764805591159355
16.683862778558197
-3.79333967674625
34.58506416905191
12.356548040176058
48.54037560963643
-2.7530073743810344
-18.88945902072187
6.091926194758006
21.38405802674743
-6.99970789213214
11.387332765820126
25.510686370845473
15.638915322533517
3.5984530746607652
21.467752562756548
0.5629617522986656
17.75403307216858
-16.747841118528843
-11.154816028999209
-14.474543516363385
13.274650393456119
-22.31958290620373
9.822925657040882
-15.595728979305813
14.725145218445522
-6.1718709517923696
-15.47536922196139
18.291820804986152
2.777968496989092
8.051307271045003
-31.921452495645266
3.5812958385703366
-17.376828572658095
-22.057823878040356
35.43829974255244
18.01308007087614
-3.500896629914994
-6.169002316096623
-6.690256795120346
-1.7378559545858634
11.639449853169523
-3.9772311230549997
-44.55916654590327
-27.20123549931799
23.359051938140933
-14.604175100419823
26.167971020068883
1.0054968361603893
16.062240114328333
23.447412931366262
-3.677481382641521
-0.6129257877845498
-24.30656934922819
13.821364234214315
-53.80281534286158
43.64326346270115
-4.2569709909173765
31.58619486811945
2.4127221900488056
-2.6490011926683223
17.446433185369347
4.399388860006519
0.008866983626187208
7.640679118347818
-15.776618946975862
-13.508221774782992
9.033780242570394
-11.80627908883556
30.666063807987804
1.905537579791361
-7.771557678318633
-11.502567664492215
17.65640518322977
15.145032722901394
-30.56947592903003
-6.881599918685824
-12.614514837947707
10.032309919440277
-9.90931477338695
-32.69747200998189
37.68268369007662
-0.719035768819136
8.831096045886651
-23.518089442223857
39.911151456035846
-11.97966619851377
26.334483071924126
16.110452757048087
8.173607928497981
-6.755928662659175
21.5481376119823
-13.796840982497837
10.56800258092108
6.061778829986015
-27.480142203734545
-44.47079905468806
3.745806736565875
1.6000837066467766
-13.742789085644045
14.61239162173138
25.7893849659774
14.65053503496965
11.190640528140372
-26.1555364802699
-12.642953422246826
-1.9672975758810232
-8.557653402866949
28.338755865696648
-1.8971982472389943
-8.82634725458714
-17.696811226071446
-11.193490149419265
0.03854261909873158
-6.608525392000691
-9.550991716823061
0.015383322868968818
26.03393519631517
41.653631319243175
-8.72782619397572
40.62129395959175
22.839770739098523
10.714412761616808
-9.821653634538452
-28.663069092658887
12.475552003137135
15.392354764304285
-18.403625983201596
-12.546769982553796
6.714012100879519
-0.14865540406865563
-34.01500243389876
-7.373695879157109
-31.863565353420892
37.00015801576081
7.278872616509701
-33.42757386809086
6.577481175006307
7.354655804851763
-35.138792911463334
6.6813399274105265
18.18256296902953
-9.335984861945454
-8.553882695440612
-2.997143637268044
-13.747409957450557
28.628276205551867
3.04636780339007
-14.303633877529554
-4.2658241337253715
-24.562646345456727
22.69418467339883
21.539977683546947
1.9367072127152682
-42.413987844273784
-27.43754577209722
30.750362330898348
13.997597109505852
10.793125039229595
7.135568719285281
-19.366265730826957
-17.253513408656215
9.368718475508857
2.092252993965645
-4.748065283818954
17.986743638626844
33.11087047478421
-17.47753072616092
-7.238251100005762
3.8896240251155914
1.1376091087677833
-24.10870552492152
5.210260925506121
23.2583902598787
-6.998100369520882
7.165530138437529
18.71452545126281
27.449374536120576
-21.392167443428534
-4.00467782428077
-19.558452449985367
-46.43789304239306
22.45809208799941
-47.18706256245528
-33.229133385847334
3.7511465261920893
-18.189823816942706
14.788811236453105
4.400122029554691
8.454880695013141
-3.641319896997027
8.05331693675792
-41.93532179389154
1.2675361338437252
-13.190685437803523
-12.001269313810083
3.339448387320574
5.911748584707415
2.9955180688186163
29.426180151861665
3.4116766490949693
24.98913058435621
-13.58708541448849
-22.87699013944017
-17.84545678071527
23.188945580476606
30.530845320162463
-39.574170579435076
7.940987678478767
-17.257487994480694
20.06687432927517
-10.183075288697488
-29.252458353777964
-38.66045151656435
7.351721511623009
-35.176221582213536
15.899092400336668
-3.345970806745207
17.253235889301415
41.1436441584159
22.01168636063935
8.993377797711148
-32.95608212857904
13.440297515849325
-11.43063930913481
8.26309151518377
9.689703343738614
-8.241137165109922
-1.7978545539057067
-54.30120232540595
-31.168675915348963
-9.43763497723585
44.67992687171383
4.211051621863346
-2.763083498968979
-2.981088173858849
20.935031409502216
-16.431738564281478
31.55733750707354
-28.714806287272246
15.796982352339825
-4.897268138789808
-15.09561182396239
6.900268253635964
13.73427394263053
45.268688255506746
-0.32755710128658055
45.23322746236594
5.330263861836
-14.46964960202407
2.432369543199144
-24.505696089917638
-11.856467564927746
-19.89279050492989
-18.553588616342196
13.41542420029241
4.903120770029863
-11.267789398685897
28.62993200069565
-7.96395663532663
-13.08368599942966
-5.870324688716418
-18.8941351279404
-31.629522243104354
8.783670310212663
25.455527484940326
-9.926257555642874
11.4081450172098
15.097113270045973
18.645654912188437
-13.325517044178255
26.007666450457112
1.847833277712692
-22.947756212289132
-13.12679622919054
-0.16099926139896792
11.329412972487066
17.88195851347671
2.5048141148013285
-11.60507773241499
2.900550624722996
3.502821004770505
-20.248923817328564
5.7445355070399735
-24.756268546126847
-5.924668513521157
-4.404634448700567
-25.08856064668587
5.002931740891265
-19.519373587939516
-16.220030601232153
-0.10101021839509883
0.7524537205314991
17.022498873415756
4.432845209896883
-4.746720427799187
4.917904110377591
-15.097917785215946
-8.584441351487639
21.509157503838345
-11.467019777318233
-21.475069779042876
-9.96860303015007
0.21353512102464434
-13.931123191298667
-31.761819590412298
-11.050468291087268
21.107453933108157
10.383367313276436
-1.3254489431632956
-17.12321445028409
-1.8955239761599567
-42.45159119791452
-7.712466927663285
-19.041485137795707
-15.993726806286602
13.71947393195742
12.411681449461042
-10.318610611997986
-20.09943578131654
-17.740235105683567
13.099298916709959
-14.572055064892158
-1.8681474746499562
10.07637669847549
-40.65197606155661
22.884217875481408
9.17903665755744
-21.97992493962318
-8.058481722248827
18.042838184037876
3.5624267702195147
14.33510200137037
1.6478541431303821
-25.540889137394938
14.090330297125403
10.974033441663812
-7.020582616126028
-11.372806428738842
-29.814330535552692
-7.74257890321912
1.6169424881693026
-28.54099387197031
14.4585300933283
3.633334703954494
4.3352003928959935
-0.9543505159633096
0.7582761749492908
-10.143736748978908
-2.7559287677261803
-21.191823944651468
-14.74972610950895
-28.76008893441473
30.006924841019984
9.245084358676383
3.7260623711691547
9.376432124938775
22.119348151916533
12.755404549922572
-18.095673084065755
-2.589095461469743
-10.333264871941495
5.7582462588373104
11.833657703286242
-17.226379341961962
-26.489501215644342
-8.297398845326668
9.876272897667665
-6.782573955337232
7.946645998545648
-36.10533383250361
37.9450260475605
17.566804710156248
18.42563389541902
3.6406939897446646
5.245934250917113
-37.14477461765181
1.234046709572079
-9.36417124193875
0.8172995214551846
-1.6469437287275492
1.4206451238937228
15.801383605658373
11.374399888242527
-2.060462616263651
-7.292968764239226
15.122536589728124
7.913255860882254
16.63573664553323
-2.8431841029719394
-20.670079623238692
-28.684769454061225
7.806283854767936
-4.917685329842885
-45.02494321944255
3.3730997283700273
13.357459022821729
-40.183685200816136
-16.617222570432745
13.762301199712374
-20.702574241025356
18.59358691040035
16.135492064320026
1.9217332768306155
-10.489761604031596
-4.7365394390344555
0.32179377771707984
1.0576910052470156
53.270329336926785
39.791795678633555
-10.697437076906635
-2.9790272740646855
-10.178524545384517
-18.068970835032772
-20.997640456321374
15.763119964641929
-12.294474739924782
3.896217436858817
-25.672619219057506
30.78843042580449
22.067990477466203
-20.426754854229593
-9.03994902292872
21.77791500038357
-15.281125670865734
1.9486725680230066
-6.6949503808176996
-16.121030357971115
-2.1354162883488366
10.17653295726058
1.6344667268695172
-5.246753203574502
17.018442134033247
20.91601536421288
-0.93442100329252
-6.7968675603901865
20.21595563624682
0.2554351881004165
-2.159879550235523
-7.774766313428748
-7.291673976912869
22.506898935853748
26.47058917375919
-5.622358105090892
-9.60452976713314
3.9613964413672282
-9.890462853099823
-13.806083019875569
-29.209020427490834
26.680493477100217
19.22364441168138
18.071938742636277
1.5648937010704524
18.117449048979882
0.7766002072886672
22.57366720476319
-12.555905627355383
-25.51398976654168
-22.011832954302584
-33.938405354211625
9.807869284393567
-24.099292307976683
26.69889155269364
-5.046239803723753
-60.83407238042869
-0.10546174025126165
9.054432374426527
22.296394014515204
17.72460723387561
23.067101235703934
-4.190333697538003
12.969988899511284
-22.087804973702767
33.11921130279658
-14.24197459282247
27.469853670557978
1.7630091113894832
-10.098584900524644
35.76501768961692
2.5335698354117295
16.167134380415053
21.348073854326046
-24.129013441625883
5.434199792143839
-35.2009795282192
-21.44814020739677
-4.398086243465755
7.758934362178117
20.966731591259467
1.3233771099312754
24.71503828130831
-29.795570190644828
1.0620789721616077
-30.378752596409566
11.180712249828465
5.400949900208496
-53.45833139281869
-25.925488236883
-3.5098743426561674
4.853098163390886
-33.98771568985497
-12.826413125237377
-17.890966442009823
-27.760253340060977
0.6805834912728341
24.68649793688472
32.426753252192796
24.41252872861352
-10.223813862151507
-19.011041159785915
-10.981952892944491
-25.988067376501526
3.472072761492346
10.454458904420106
1.525081124427683
-31.60916747989098
-43.20872408879422
22.681196290002013
-15.82697680981332
-17.00075405966679
-31.979123908423333
-7.000993723554029
-23.96969976560105
-1.9453019271419132
-19.348734215893835
-9.556429243373408
-26.682181740905005
1.3919050428710624
11.733193961697795
50.05546496865863
3.128065093528452
19.231709780468496
5.109894927968482
-9.881299299333474
21.889901959036294
-28.32786551086772
-1.5565314138894963
-13.98648207607258
-8.581353770099476
30.481466087870885
57.65008480021316
11.35989230257294
-13.183440954090562
-3.7913835161699456
10.772825970434972
3.391708133977421
38.17857969031363
32.38455433446144
3.053474727804794
7.497724379990541
-49.12979109347583
-59.47204444827272
6.176933973376469
-1.9673150332072922
2.656655949809403
6.1913227559346
-29.38459225999228
-11.845491648282492
6.779137961817501
-16.860016820086827
31.038940203455596
0.9936081360675822
-1.2729075862416472
15.771233554119501
0.15376007340816655
-0.5963955188208523
10.31456487076008
-5.766975408492556
-3.157176738772006
12.62850424147979
-3.4921601519638736
-12.160726376947204
-43.3624770709766
9.900564698381244
-31.43125344959244
-19.751395752011742
-1.796104099684567
-16.82691523258962
-6.584338212004438
21.25755499867336
-18.670097835787157
-29.262164870497294
-17.726998664576392
-9.186877263762794
-10.358113093700883
-10.7207082029071
31.923154500516084
14.849836655509444
14.484960502146208
28.64322280085621
13.184176263136099
31.64012804601668
-15.386474102796456
18.11690032114695
18.397289235175094
-20.500987178991867
-4.265800966046896
-4.889767863307077
7.884476501101618
18.506351503754694
18.897205154871404
21.691942901722175
-12.078169103830914
-12.652465197567727
10.27337924455081
-28.454844321687993
-34.26837503557684
4.700614359843423
-21.630020957536637
-4.638351044792747
11.8466727086139
38.02656939414953
-25.90154750208438
-12.459213609562092
13.745353873464053
-12.46267376565306
28.71527017767115
0.9757241938651098
-18.78197917916297
-10.039551959734743
6.046000927296015
-10.237721479117889
12.781399413121086
10.311272138091221
8.938615318244128
13.527193854903633
-1.6526331729670103
-1.7301677805980515
-23.05269355133228
-2.52382090695704
2.706800169839417
30.48609341493703
-16.15539057903241
-20.879736068038817
-2.379740372970961
-17.919035753321864
-14.023978587781196
-13.694324058212406
3.152936820992549
-9.607782476787888
-2.45127698194381
4.7760294974389375
9.409649829195693
-0.3085124458596472
-14.306806469744682
1.2648041228354416
14.582387730756407
31.17161138605275
-23.365201440935937
33.654008106371975
19.149501988317805
18.804393190866605
8.282477125507887
2.7863075078326056
-0.8487358099507318
-5.600813593440317
-45.32615063079589
-14.527297320001319
6.941856519185549
0.6319972423865831
-37.64872329185509
4.278733527553333
11.689567725404702
-9.231596359555232
-3.908891899955926
24.61880980952712
-21.353277812546693
0.22856004003971647
13.049257616675169
-7.738605713477142
-11.8407642955152
-6.318363242185809
18.690045472038037
-33.83833188651538
13.365388994900934
-45.00378890602554
-5.62319400418279
6.0269439839625285
-3.252046907052496
-11.405598111244226
-5.604529325147777
-6.879676000916092
13.69257598715903
10.3164683884987
30.757326503622128
-8.57449015669943
-24.216550621196472
-35.82834998847469
-9.24537180286862
9.486692632538812
-41.75680147858957
-11.312048751462882
5.784283584943001
10.76274700212111
8.370034147080165
-24.393213530839066
12.600901810580838
-10.66239981806115
11.635884308351836
-16.133468157648444
-12.405019572614322
12.70876695051617
6.180043889147447
-3.955196476721828
-14.314526639102574
-12.31458930353235
-12.247500082731538
7.136105776558375
18.649614517677804
-22.16239718739518
0.07835483838962702
5.430554629395906
-20.152691087871737
-0.4258893035560109
7.898803388889883
6.595710680188368
14.55914650608558
16.32702371838728
-10.961690791701796
17.759317591190253
-15.788064498316654
37.513784565328315
-5.970722154278085
-7.109778730062231
-3.869941195754697
-0.019058758676648857
-16.099351649889297
31.24305777741036
6.6687152578673645
-21.75249813288702
-7.163683955700047
-28.012501882865138
-0.37288365619938335
-4.354599168534916
-26.570346685001308
12.92190670400631
-3.31455879099205
11.889960833619494
-38.398679942994356
30.030983097857256
10.17384447017982
-1.7772722602654931
-3.7101582620377433
5.475642561370814
12.524594596691907
41.045604117675154
12.800568281840839
10.052965277122274
-19.65856653639603
3.4186220124952547
-13.742796524093166
21.599224631999263
11.470980293725017
23.344348404217108
3.6547502932527367
-1.1919807561006934
10.049112687158953
9.13114324885004
10.890370879403978
3.9187040722828246
-25.59445029003837
-6.767433889896093
-11.90445068108404
-4.018528914089167
-20.343043084564727
5.828449157622411
1.9127897819717274
9.22082476759207
6.111831758132762
6.66115789489062
-5.843474186941055
-13.60195647820955
5.451623474319786
12.256335331399836
2.230890098864724
4.224634854833548
25.435588113597774
-25.855378265905593
-7.276643634369623
1.4406704352695572
-9.109261752195492
-37.82448741769366
16.24266085388113
-5.528951683896028
-2.29204699922912
11.073713541294712
4.973111181460817
34.24094765679504
-6.636699846344272
-14.133969898733614
-32.820583590541055
-14.898226962410407
29.349615745849412
-10.657303447944614
22.21454180500041
-4.431077021684407
-26.64152078136398
-36.63923991816275
-34.324806050524245
-17.420802027731224
-19.967210673303725
-9.155875232622986
30.696362295729134
-17.665973936007315
7.5328320102225375
-3.1542263354878255
1.2065659105401054
31.867867648986394
4.6866288384454515
13.82897773938071
-25.10644768899378
26.987440161218803
-36.213256639963745
0.6203384242451495
-34.71206202474694
13.629900763631674
23.256168618284487
-8.395456360452679
21.6624582741949
-25.203402301062496
-11.584119334998245
27.854384357517418
13.181055832701796
-1.8762833977917455
11.289574770246189
23.277594739834907
-9.624277356014899
14.947428340711973
38.47909290221709
8.341335017791657
15.448750229374113
-4.11527971617026
-1.3908184502551846
5.615518028505396
13.275834684929986
2.4832418458934513
27.15630091843777
7.435547200008789
-0.3011587834855921
-12.835745131589917
-0.4684142332727115
-32.29114164113159
-45.29436853450408
18.092966447458597
14.970714829899197
-17.098291996672625
15.260476656013003
36.67779361534753
2.620715904275923
11.286520891818668
2.8969210700412473
-6.36140366474067
15.64106736934049
7.19459446971222
-24.005157156450707
-0.17755679640241828
-1.8383798355653012
3.9265260474436596
-25.24845725702084
0.2203284667494167
1.8422685883280585
0.6968004229005476
4.876456442802661
-27.622929154964815
-22.462331764743595
-2.463209933584025
5.195574684395921
-5.673381128550463
-0.18095482869865442
23.03348860368204
-13.731813632139794
20.48507137317789
31.384424736044046
-9.23257831282283
-21.906974066062585
10.601887157525216
5.792516096114601
-8.95617168510401
32.22565498129916
-4.197722644276619
31.610583758802917
-20.438408252026463
18.49574030608041
-5.188876884813367
2.0612440715746105
8.792587516498896
14.512972089313571
-0.6140749607472578
23.183983731795248
-9.508271885488815
2.7139362456387057
11.999474851855753
6.7578617960899185
-18.5736263707178
0.23092469010233674
-37.14039982689438
1.6445174100867508
-17.630922912340978
25.11543911429758
-3.4474974604699393
-16.089393159491593
10.69882166155279
-6.369356942049175
15.331017977894195
25.95424435083007
-14.186173660759957
-14.570218860831151
-1.6954962987363653
-5.721961991091665
-9.616014119242891
-12.223767881915455
24.11644588629324
8.762056719795014
-11.861221980372097
-30.770620389696695
14.508413157750827
7.853515057913941
24.143028001651945
-11.852472552112754
7.154839356782929
18.154718277390508
-12.060629289620284
-5.664856435193015
30.156041499703157
-18.721975493827703
-2.4540864845733776
18.937578311291805
-4.259621844816923
5.475034052920695
4.687381869908043
12.27776243810321
-18.946014358743163
12.852673004723748
2.7267232666707875
34.890255690793616
4.221409619799388
-16.93712003771924
19.739143757866245
6.821450773672373
29.046393773853225
-7.319995612471978
-22.917202679499926
-11.153874388995131
-7.433355544796057
-24.062364585610975
-2.4914827294270196
-4.391266591610655
17.658044920258412
-0.08966009901412741
-6.43892929780765
31.96684513999199
-2.779036985281151
-20.84690768036731
2.910320836741436
20.810266767704256
13.482685657400213
9.379752891358756
-3.455987232859724
-2.4405872729053026
-7.3161880800243
-26.773736845458522
17.161078811914127
7.139385822528935
9.761515992494216
-5.734056038053835
-6.153675959879962
3.849490167309886
-17.548377588655658
20.128244418546537
-14.644034898741609
-11.420325772970788
15.187791616197932
6.299206260485622
-6.38372760307108
1.9631319371488294
11.325762835956562
-18.88790787437326
-14.433039278933954
6.144913111739138
-4.176167762487974
0.5257117799036566
15.858894553506754
11.731211953987419
0.5530492404709801
-22.030240641265102
-15.306437816730993
12.602690831616282
20.373987850335475
3.7460573988661032
31.949959185788913
10.515385534417087
-2.6701204958435794
0.9467854222194997
7.57817096952704
-2.0014128429076523
6.450003911425514
-23.385026734648157
23.212805332782278
25.125590369260628
11.527729918952867
-7.9606622019619575
-13.530452722692333
3.910064028115557
8.46196905202763
-4.674085711495992
-3.529575877563201
-4.704141920781659
9.780370288148408
-13.158671981882538
-27.60201265409896
-9.976949622514521
-23.39836912882854
-10.901208851940543
-0.5463062119606059
20.242944222476808
4.169282545665984
7.714236958344586
53.545433734332306
-12.130318463751788
11.014593477606724
-0.1774667198473585
5.504916009363917
24.227641051752567
-18.517984547701538
3.7711439475893895
1.4526808870785795
2.259335375676118
3.7800073585730813
-48.31956358513514
-31.040236469933106
12.681775490573017
-8.229525251900714
-16.762984918999194
-14.098600719451696
18.183590071855736
14.38866685987857
0.46902538536773153
3.407617869478144
-20.485941068463557
8.758067416437681
-7.892261767315312
-17.555103696358316
11.143063874348776
10.807764829705167
22.624885393857223
-24.89155660827066
8.37634982390663
-3.4059312185449198
10.584420849340022
10.000337388796105
-6.304870116599356
-14.938223079106095
-8.596818668482893
8.753863862285844
-1.0043559739057313
5.4638237271510475
33.52070223434234
-14.321366627144398
-8.854769432562025
12.055235620625677
-10.437247564066412
-14.832084797445354
-18.517328637848994
11.68626668180633
34.37605381859252
24.69879576864024
-24.24939404696848
-22.427564240228698
-6.870096511947025
7.785140555837474
21.599401793770312
-3.625280136343861
28.22497505763233
3.7109247463968895
13.759596251860948
-4.26548638368174
-8.902132501407602
-5.410722292131321
-20.138358586824168
13.279970743808196
23.865398482699167
-29.855639980432052
17.526783754012776
-1.842204122009468
-6.620484206509666
-21.35472841250968
-5.219311922615967
-37.46245469127006
24.41777342365587
11.187426115678363
6.9569195661230285
12.813805264846945
-7.242946593890363
27.735667645336715
-22.775076884631357
47.192881597241836
5.362220105168176
7.52566566712815
28.026239516779643
-1.611863382306982
-19.666104116481026
-6.945172184689088
7.082380675555861
-2.3269935816655525
-2.964684247358697
6.330322722332671
-24.04897219785453
7.413923075538952
18.30851144131045
23.402782932872036
-2.435595218620592
-9.751760374694229
4.234835816574242
-28.138433987595064
20.463819215055704
-1.971412225912447
-6.1013990048122135
-13.723161109319168
4.928624461857851
15.186946100114916
34.94650512267691
-9.755558581255398
-7.303974759061292
4.44152851941377
9.235774112775726
26.71517615177474
-7.312924483605401
8.024530056568699
9.532767853235987
17.795695460659424
10.000276389005398
19.419518096290027
-24.531345719001152
8.783149962135704
-38.175297250276984
-13.463853805228657
17.457918766732714
10.147368283670243
-3.426127017930323
7.9326268021704145
17.927450831001465
36.2017670531983
11.381027380439509
18.069335359014506
-36.31134331346305
-23.353886284087274
2.8850980017438705
9.860773692776892
26.775076467231447
-1.1662755992668856
-1.6989918658729795
17.665808119802087
-11.467825307797773
26.57341870463196
-10.124014833868276
6.856333562265816
0.4649204924804893
-35.39918526105153
13.247360325726852
1.0520193836949945
16.569538309011413
-11.16118932697445
-28.158290538939493
-12.807089650778765
22.158446740159093
-4.678862119332436
-24.912216445620576
-10.833289857350112
20.38623545145948
-18.9747982954447
13.780849158931971
-7.037307180627165
-25.28528099527965
10.292853741243427
14.120574465170378
-43.24987752051887
-15.466339960292927
-12.776587683289954
23.993644787980333
8.68964699176009
17.82021155383395
-10.850797627473382
-22.707756335866797
-11.98834441447304
-0.8736845729891877
-20.448575441129904
16.761544630026158
-8.512636978007619
38.176492163127904
-2.1809981253388817
2.7348724897267376
-7.418537774689162
-1.2837861284808998
-13.167143400796064
16.92985747679187
-14.368630565574584
21.84996855400984
29.295729108396937
-0.7127039486257765
8.552148174873755
-14.28386929142314
0.8755851359096194
27.31486267299922
-0.0900526709782008
-17.17991771090024
-10.723492372995935
7.454027216973014
0.09414293792473094
11.12670215257189
-6.10010578508032
-11.905601359258434
-10.416174455610381
33.50141510402663
16.245349712108087
-20.2301861657593
9.562573058533264
-21.676327589591143
5.850754144133539
3.660987541431792
-2.558708163970567
-14.960163293039159
-25.544120980960848
-0.4364863924635295
17.93653009865234
-3.852832339965074
11.744922751041354
2.989922808858508
-10.79926474892191
1.11964802969876
40.368471475086196
9.971460311790997
-1.8396036387508086
-0.8011239634198107
8.281827187020566
-6.178327143758121
-14.839192342613508
-17.422522015182345
29.1750311618154
1.593480006946877
25.855427727197966
-3.3518603586686124
-9.608376065861401
-5.123335790579277
-8.510588322536124
-13.955287943834525
11.769023421885857
-37.95130329458788
-25.523533152529108
-19.82209726083814
25.88830131483229
-5.6076748315995495
25.080814717052615
11.19652230576094
20.8609392809937
-1.501088918383929
-9.792545954525783
-6.285475680414632
25.979059437324416
-6.326227382785045
-14.969760892808031
-5.878498476830533
2.3282934088062337
20.01560556375505
22.721711258498207
5.584727111036329
1.7937613062320927
10.197175246208577
-7.81153635007654
9.777803507103245
38.03510605291714
52.928397334737355
8.546587290549938
14.942301929305478
3.2088533205527257
-4.932206494883072
-8.532988294462278
3.485134491341909
6.907180262726181
2.212056275224041
-37.997784062009444
29.67893878818453
4.725119099438535
5.314420138226498
-11.387671662870046
-14.637987183407624
15.115789566784708
-15.599272095437433
13.369954845815213
29.128357863415626
3.7222126518481637
-16.417271437796312
-13.69385270460132
14.91892400597429
-65.31789240410868
-4.92167803946035
13.398583826955663
-17.522010556040833
18.5002032231567
3.374651126715068
2.0754335868506906
-0.049717540039987185
-2.1620335413198744
11.019851408998454
-19.11203603850852
-4.426675850954679
-1.2808987226567248
24.866558598633553
2.361884070240111
1.9665372174242601
23.256414280076402
35.96848419532412
20.596819518285525
-21.522675163896892
-7.975689053815509
10.668499401491877
25.31323659303967
-5.058426595655477
-21.032810049282087
-7.940676245905358
6.880960611253582
-5.636346597657901
-14.72861159854752
-13.383058473557341
5.353042150779002
-1.7680567952303798
-10.94786837952458
17.58461950562993
4.279680153208984
-25.618557930697094
-17.4428692332512
5.82364483014597
5.128011552416952
-38.492646251421014
-5.447258325171572
32.52967069940335
19.35621236635798
26.013650373596672
30.849449627906434
-16.3694915836555
-0.9773028436886535
3.676406684013438
0.7987216323243427
-14.55937409182892
-2.389422220551898
42.465657961428185
-12.132771269646856
-1.513343487071122
-12.980919541938437
-24.593872706281022
-37.523678530974315
-19.56580711378638
-17.526113445382173
-0.12117212053612025
4.807626027327008
16.238997272984285
-35.36061418575192
0.2944798348849518
25.71650448477201
21.627329365343993
-5.89033735248461
10.156152530282483
-7.817417912173229
31.249512602726888
-9.794698494371689
1.0737268668269164
4.2824619623182745
-0.9020072467117203
1.740841577660725
-3.250926201615453
-21.775543276137842
23.454758126361227
-9.831262280543221
-45.69556702067278
-38.4279185627234
13.359344999550151
24.730801326608
-22.595909054209848
-5.45099363293383
17.222966633558972
-10.107062544621586
11.77599358461517
-13.79443127977847
-10.287323296707354
-23.53757393725183
-12.382839161974685
-38.924596332096016
29.096371950226903
10.72934246506917
-3.742094424980922
-17.072869527135776
19.440816624178787
19.050849787243436
7.0719118597916575
16.413657465671925
-10.115819135261676
-2.7276308434550396
-16.881216178919765
-22.75243201999157
-19.95017457198828
-1.1335673096596184
-31.218831649216025
-4.460647968357564
-13.701514408200666
-48.69315259231191
40.850034498197566
-30.480880167829795
14.538268866274558
5.644496471458025
4.101512599266309
45.028400319295265
-17.35298136654104
24.129701758874432
4.55066769226821
-11.591574555568501
-7.156684598255496
-9.050066238726494
1.5488389119764459
-22.100602083330717
-37.4832041790238
19.64220456952042
14.569884273178664
32.64466861898304
-15.350212499015267
10.774581746421703
17.785271527866797
9.810279295275103
-0.96836160981986
-14.350610207224763
-6.65775643117483
-7.524726928989526
-30.1155260795772
13.267414684721464
-21.561014068587536
-3.769692920129785
4.021827992070045
-14.646459649010946
-12.109776500221049
-19.30375941053731
-1.7666086895911552
-20.586891393236264
-11.489545508021099
-3.712380107176872
1.2811452381057178
-4.160083569178674
-8.848483729628715
15.379555119249678
2.727904811603652
19.051475020802624
-25.98554640002711
-8.247501291195796
7.039821779127988
23.136258362553328
-53.48706923748945
-1.2029392781804555
-6.409011734380782
3.3520809859886924
3.5809806083614855
30.07367283699435
-5.089299249091007
16.87103509446532
-9.954142959169639
26.073878157197385
15.79095644371134
-8.061563724190327
-16.55508399177544
-21.01103822859318
0.9838185473492371
26.278100956943383
40.83746291648854
29.387470713274197
0.9755198789731304
-9.998348270517617
-4.923982744346699
-7.129087504926902
17.948610827071185
-2.262672292108809
6.654877433634515
-3.84886547213205
3.828530755423326
0.7941200253506522
6.764856871824601
-16.75462890783667
-31.341207562490332
-27.334991145138964
15.636702844151191
-42.09805463278795
-10.834403079308352
-8.438646867026199
7.3906972952076915
0.14470291164355187
-4.659005030447449
-36.191952882317885
4.882666106709545
17.619152018918665
-10.22401377864396
1.0513183547054568
-42.832453237142786
-25.98024358591736
29.375204024136025
3.415462959592084
-5.634048221516733
-3.2509712175643686
1.5173562458066336
-19.77912922770913
-5.046672108336872
-2.3316877332408126
9.276183172308516
20.935904359757274
0.9932866295763123
19.145490355351043
10.118803279344574
3.4549513103296055
14.502657126069932
-0.15418081710826814
25.450424233308727
-7.044604511036708
-22.495922050399983
-13.406664831133696
11.989614387500575
9.899562972994207
-12.955239888910574
-20.978889751609778
15.723019383515934
60.840497988476045
-5.48742946481701
-3.9654481043553678
-35.172674161059355
-17.392039916871838
-17.404201631196695
11.043115167717385
-16.973981133744395
4.379818877717935
32.444179067215
-9.93117781633838
19.57215571855869
3.355577558135889
-18.812609062597378
20.166630272781372
3.4318825434339857
-11.736304726124999
-23.2106598498641
-7.596117282616297
-14.4131205201726
-6.7587551038528755
33.54687502542821
18.314442357839646
-20.51251288821246
-6.052084964070007
2.0805549277222273
-26.287033006375815
0.3425991832038644
8.106956730895543
22.502166157646496
12.599364662465634
-29.310768167798145
3.304776436514081
9.160141567347997
-12.645272394374157
-10.042088583314586
20.14679655303137
-5.472289375178917
43.08371111730092
-19.446451449110246
1.264185693459157
-18.73144066195055
-15.71505777246253
-0.7172607910260655
-48.17051048566104
20.948961641797364
7.564086729718592
-3.834987606545178
-20.237110143727442
-23.066824320780068
-4.901699411687314
-14.838042513300119
-0.41553553293743123
6.809035776989057
2.504217111921987
-0.46827435483457613
10.727311912302033
-23.141226949243496
-15.504624233784241
-19.46973046004894
-11.67693687658489
-4.296168379032835
-30.772020233643524
8.119574445393052
-0.6327306983451388
3.743655588848965
15.104499020357515
-26.977427481378626
7.9476892995140025
-14.878879193591835
-25.81959731349864
20.928236528190347
-5.752132483078221
23.170385698840878
9.67684583059561
-21.03191771638107
-26.94215837956811
6.744490074404642
-16.995818269761788
9.311445729505786
-6.783575064327504
26.49235018669016
36.85559227845924
-17.4287719089594
-1.9435323533862578
-18.1456017302678
-32.212515194224586
-30.147426598059536
10.96858956964868
42.51422805862923
-11.93189033961823
-34.239898190604194
19.716473052360566
4.890745386394361
36.636201252927435
-19.82628568656164
-22.205738305527927
18.950779533855695
19.26868071776058
-5.196874467539102
36.70088056668275
12.079704385756637
-1.313950942680779
-14.52537791170203
4.261868020665262
-15.341714904679321
-7.974342038005738
8.678519936491544
-17.46584554440988
-26.37703940822141
14.113945740212325
26.19665335634699
-8.878296843165545
5.912008840373867
18.151689930150624
14.946373904501556
5.019747675952818
-36.25171311163318
11.883901526085014
-25.101461145261453
14.944240494638024
-19.04949229703407
1.5646200919153337
-2.513454717220995
6.275829465753441
-6.845307422984448
36.28788125807854
-2.539222934680311
30.00178787812296
8.336103175522135
-19.1078746433309
20.804663322928054
-10.137647512078296
20.734620650781853
1.9103354899239549
5.714322172596441
9.885873588324484
-21.279717625529642
9.128095841179443
-0.7672068955453986
1.8980642209897787
27.06105870918458
-47.88969889254236
14.11448900857972
7.69843619074431
10.482689276774694
-14.759534549735175
-7.148234801652329
5.031420667267379
21.63444546543982
3.4013944003818453
-10.500800587637304
12.598888418359808
-33.39604101893566
-13.942030209199848
16.027535642485077
16.319561947298237
-8.292221962311828
-17.13345808323156
5.746432111849817
-9.955529109111357
-5.118552930900707
7.153597526176929
-7.216047626584298
6.2038323184517985
28.96633472655549
-25.24559937800016
11.113626819997426
-1.8273476395987138
5.219988684744084
-20.3522248084493
-13.823435319129546
-2.6528363209529795
-17.82980765632018
1.3800376840791686
28.385799525517214
26.243087619998608
4.535831112404742
-0.5660767951164823
7.574222332432604
-14.439113282162245
6.884968798958852
20.24260268127682
-19.829702712526704
-17.231596115952364
8.29675517998524
16.320356077708098
-0.07322737066559237
-13.072432460799712
44.81794786865581
38.03816443933616
3.894800366059029
22.83968363996442
16.387379482726196
-1.566418524163676
17.867043733970995
-7.658298972428208
16.275175913811427
-9.984849879618643
10.81758602988027
-9.926645780353091
-3.1372907932656378
-19.65950943026894
15.365996199197156
-2.1277470553043027
-23.53102545299536
-2.4714472876246076
-19.25863068199656
18.345726556613933
-5.40974002257455
-19.798962128178214
4.528241017416886
31.609419271624915
10.691232625488695
27.25426718245523
0.39233566840332346
18.250549178000718
6.4408141031247945
39.22343236263604
8.165511504747993
7.289279784827404
-22.08760772283231
-18.07650980093515
-5.346215680326054
-1.7530680362384423
-33.90638130746233
-15.83790011985534
-3.893333936290479
-23.784416311013565
21.646027528651167
28.263550159480115
-0.7476154200356695
2.452055603232012
7.000475932852905
9.417276675066978
4.261351143819658
15.695422074726464
15.484453000857346
37.03389324538808
-14.443988507624452
-10.947475104421963
4.792046465114753
-13.03306887679261
16.100712910163324
-11.635982469410065
17.812917488761478
0.7814020799990429
-3.3131238710023108
-18.951717672087497
32.39518029166006
18.771324814382737
1.386948672592594
-10.73739003288977
-3.464672334911177
-27.712063096999415
24.121809005636695
-26.803745934038282
24.954241183131234
-27.781017829161627
-9.827434744218829
-13.426760423192722
-27.00803870469865
13.254173650396865
-19.19538835292712
-24.968864403505968
3.8371856894757688
9.246880973499596
-16.008392382230912
24.687981094797482
-35.620317309833545
3.959228375287608
-47.307776403165605
-14.124935894098734
3.1073074345094005
3.9173859383143825
11.336010950205441
-3.5101325386965687
16.435673417551303
7.787984226685301
-11.725032110177045
-15.231833357498699
-19.579798255198476
41.03643965505176
-10.161698238102154
-28.249298528256798
38.453451692268025
26.818346163702238
-5.099272353532661
-0.7773414143860639
-11.115341306983922
26.731065297749744
-7.833902945764546
-5.834833038690877
-0.2356356534119085
7.345437177722509
17.250239116456257
-36.500067288413284
13.867266290201758
-31.10607294297546
-23.421656715445287
10.750299876772287
21.656443423345276
9.828189869610576
-32.00927204619928
18.855536466542503
24.304511133527118
17.700345041126404
-27.921265136205463
27.166386141446008
-12.287058752060403
13.1248094706244
-2.6866434485580726
-2.5769087869528304
-17.29152154152544
13.742608730144653
0.05272266628705591
18.889109309305535
-12.16957533267919
34.40843718329034
-5.34014274849086
1.8448920191377818
27.670655577545457
-6.67483804776951
-3.1129371686038105
-12.6778750091793
0.9581814918906804
3.158262760513661
-4.772462446788904
7.032964948154878
-28.824748468247265
9.84761998071047
-13.742265989906866
11.145614093667811
-16.319189995430285
22.966927580043787
32.72657269259422
13.730810717445543
3.3511259753400875
32.96253306502548
-44.398481173813366
8.6686853552862
36.71242743834607
-9.086373123355635
-12.257562530845298
-21.56891627616334
-8.38539636074654
-41.33551076636587
-9.22066071387659
-8.239036693187083
-15.277655714311736
38.54634314848444
-20.724205981786103
36.278297851800716
5.954888324843353
-6.626508496591945
20.868361284330646
-17.57445856302799
-10.069147572376973
-14.500469774403658
6.009267904228684
15.984993925087185
2.1196439090255517
14.589366594357884
1.4125660119480787
19.82449477546215
25.722345653995816
3.528189211818843
-1.0983732267967876
7.40585991690986
20.691887583659845
-44.27753680201273
-25.14143821988808
-26.97325439611613
8.729329495463116
3.4796439250603997
9.137194665023795
-7.826307839488602
25.019581092311906
14.475748017676018
-0.2415342557691056
19.78743108353498
17.248523494658375
3.2667625006068612
0.9343560243223121
-25.176044082841518
-12.814510473510136
-5.401656987035947
-16.030613330454255
40.87990275722603
7.506969034426998
-24.57931482312312
10.030374197462365
-23.101250746224192
2.4937217854197717
-20.53639655067464
-26.649272679363882
-15.607966781831001
29.211902947753472
13.48476565427633
-0.943033933430256
22.58736798047164
-21.515176212968804
23.362854823490345
-17.375391772310266
26.873653689947208
11.284910049970822
8.121218843514885
-3.566532820910977
-3.1999542154229363
1.99880554836424
30.833315115668675
28.330457691612867
-5.483722176160683
4.606605893987544
11.637738837437483
-5.5556478630235215
27.892626910267865
-7.192564931399358
18.33269066887535
6.464795272774461
3.9410077017421896
-9.938017033643996
2.162643499260268
-22.19793668148034
-27.91748271659048
-3.2754863237723164
-4.8831667446939
-14.32432023556596
-16.49541743966875
12.105554099389794
-17.520317216643722
-4.118362871753819
3.7042121352239974
-2.2660591946625974
34.5039503756664
-9.969673952884705
2.2321065143576773
31.244763741574978
10.460610578403848
13.61158851295299
-9.840300778796408
8.767081507769687
19.953618978645203
-3.6498369490745377
-28.190810248636005
36.532967962849966
14.806377975707923
-11.588756893895155
-31.682488303738936
29.134160395773005
5.323570781588336
13.982591302896317
-12.180494225376869
-16.509260598004342
-48.3576522973334
41.153168622863085
15.496967440304605
-18.24503080542744
21.246960144313473
1.9640642477148942
-8.226257871531555
-18.573319337983044
13.776761059536918
-17.410000218880782
11.189863609692402
14.063333122319403
8.15178867639317
-12.278321023262793
14.436912702526396
11.249258266934037
14.343809727725418
9.685682574257758
-26.235733056361106
35.61476261620423
-15.295919649036303
-9.260559338446075
-1.556287144484931
-16.73628130737463
-2.4185615913795635
-26.64011655738074
-5.719117407273308
-24.062401118869264
7.750267596721677
-0.3861404539248797
-1.949232011864642
-0.6615977487773591
-1.7113225665749685
0.9596450426093268
-9.46941617898601
14.421206081906428
-1.8018151691347333
3.5182161031440073
-8.561162029524102
25.317112534096456
-22.722461349708688
-30.43772592118444
38.47796201392815
3.7696566991923013
30.624499877209402
-11.663361130245697
-2.175015936490995
8.63778942700471
-0.3885762549416978
3.9826275949496988
-25.742604466010782
22.05580106436923
7.155175222639153
-5.60051198134231
1.0420781060768187
-3.9205927265722806
-14.940967143888377
-14.656384101426822
7.601439993932166
-7.7059107101130415
-7.747399723258739
-21.178545000317783
1.950074017844236
-26.26541579856271
-33.477028356970266
-19.6512779430578
-18.34969289616233
-3.1997023295787015
-1.0177733432195204
-7.979459072673557
10.995169353332493
-26.779470684080252
17.967547348016318
9.907464093620629
-6.219600414453064
-10.020374348219388
6.170091794618475
7.379376741397079
24.162794541572477
-23.148180561096886
-13.03609275214248
33.995559764380594
-17.89529416277898
15.262109863112832
4.534157868163266
-5.86197818326203
-28.779670256795775
-1.2399835157080386
8.904359321108664
-14.569808287889657
-2.1354000505735886
10.10114027366841
1.1056442800297992
8.615844221846706
-0.36466056350630294
32.95598975412899
5.197082876127584
8.904692527798941
17.509411380605798
24.506930758028012
21.878754748245342
-12.767901348126491
8.30361238928394
-5.637731655598307
-0.28957589729626987
-7.164185053455217
43.671603091212894
25.604042787557628
2.4160544263603483
10.807101288399696
8.100454340528584
-26.205751170084397
3.8139454937737782
-18.82016339600215
-18.81399772557625
2.6211619877109795
13.72828059199419
21.244743856640824
-1.1294073301828784
21.51785204670925
-18.03984983518278
33.39357891799674
-40.80563630083933
0.37039865248244475
-0.7501152334151051
15.384512654997863
-3.551807512481557
8.670462784114141
22.165283429142264
3.870186010913276
-11.403230024648604
-6.057512551178542
11.835406996647095
-17.700511026706543
12.645870269921236
-23.814038509521446
37.044931733966784
-2.0794899413115973
-9.257308600348173
-25.779198290984493
15.326710224343389
8.30623494725872
-7.175018295725735
14.804751193878333
-6.131567389798955
29.776979514911105
-10.44414192204282
-15.95373689432853
-2.764119170247879
2.6439634122665208
-27.584545761263698
-16.83700226491658
-10.717648068801974
4.90542393169496
2.7266980734149238
0.4948492340248207
23.383361970626815
20.60067097427314
-18.772821665367783
8.668680805091428
-43.68559136333658
9.754230697486078
8.079907612110562
11.994729582236362
-7.402899306077284
-5.3344985580809325
-22.506426582376555
21.394668583731157
-40.49096807601559
8.583248615141263
3.165908760716607
1.3196580891045488
35.44032891956712
6.61257396746281
13.79393415682223
31.789791928518305
8.205488467401242
-8.739193228401641
-1.2009135381787572
14.20612759907829
5.120072565893249
15.453924107279562
20.626910070749897
25.84060564068833
-10.621742401464124
5.900046475732148
9.649922992295718
-35.8388850625551
-0.861978345313932
4.282253634522492
5.907247774418133
8.010672338970666
-20.416514821656893
0.13701111291894003
-19.936205387857544
22.095757767201103
2.861516861737681
5.378001246144507
1.6579448395942462
-26.40407746503951
-6.896513235784754
7.726324008926909
5.063215366322032
-2.243043900964846
16.461444105666697
-4.8915463405944655
27.015849473074788
-28.83525429678492
13.878757303939675
34.22333040898933
46.25154953228309
0.924397412631562
25.448754635428216
5.317385861066917
12.183384437607204
21.821330504349046
-19.39661881821333
-23.511777173031366
-6.9439378573112185
8.304783480031205
8.098082739945411
-8.27634351324131
12.225172414184918
9.032740582770005
6.036435959503671
-26.33774651737674
2.1079525574120264
-14.838555135157462
10.505526452125965
-5.707593257470324
-13.68081356652836
-10.77220667901933
1.0096057363844704
22.895966633435876
-0.7133260824071707
10.755153377104527
-0.7517708970849364
-10.060549362611725
19.756134270190586
-2.129056293389142
-8.291296231697984
-16.848838377933713
25.643510032139606
-19.23425423424075
-1.0229431397230186
-17.82635404827588
-13.06988319972176
3.6051430630128056
11.252369125885409
-25.269803633180892
-11.248422593251012
-6.6903657642440475
-0.09386184392660013
48.3349680860238
-5.718090052657272
22.408212269851926
13.101945197920205
15.762324190363206
8.911797437073878
0.12537431898359763
41.7769747165169
14.657047864122422
-11.904018149215595
15.508365851177732
-3.7609413228358677
-14.343244221294185
6.103194154050881
13.796276058450555
2.571535588485757
32.79155719968152
-20.95922246402924
-31.783625251773568
-0.1202233302407536
7.954620013375688
-1.6254907956984612
16.991309657084468
-6.440494998384105
10.648510073556134
18.625838953279008
-25.030777408396034
-22.498701934188357
21.326421556128636
-11.532776970401768
-28.75333986917791
2.52422874556625
-12.617198071733206
33.3330642830575
-23.64696488871301
34.63254421968253
-20.81798161612032
-12.640694137186069
2.002426769974229
-46.95717159845678
-0.7883848993244538
-12.583892991057255
-12.724128513315511
15.485532603085588
1.6289798276771454
-0.37402145020082306
-5.743563566722397
16.098978873313058
9.606278766824193
-24.72372598065489
3.6852494663277433
-11.036405072306621
7.820251322712098
1.8544341400671454
21.04816701883008
12.044860311083724
12.25925159060065
18.962553314856123
5.2082482476504985
5.276115308436486
7.870138613494177
-44.282278025662286
-28.47239620584498
11.000833427757172
-19.456433413233434
29.779052110370966
15.91709766892429
-14.046317888028357
14.826349365678288
-12.692747423988203
-12.00287443014689
-13.678416588099315
15.400685138028631
-21.827208992980722
9.100378393211518
8.342030419632074
-3.7302957125543017
-12.626019806310914
-25.778542021257408
3.9840497633167837
13.542734565079058
32.94819612916128
-18.69849434855803
-12.891389357018245
29.277987139872323
4.112443081107369
-24.69398995848582
-8.312735527396866
-5.072261675020539
4.298255098591125
-13.159433773336056
32.64210920946985
-13.848776422228903
12.71576014036495
-1.1309298003921657
-16.758389979699174
-15.727011017418242
47.84044658701536
15.439638397448004
0.6856644856951015
-0.30867274846607884
10.996696721447618
-1.9738852438492498
-11.082345363994868
5.869441622241412
14.156865028276606
-13.854011081127245
-17.584972019774376
-6.279218146263138
14.023799103711347
1.9989700431933963
10.115029706289683
29.65025706460254
4.6110104564251255
7.509816750486859
2.171640799358842
-30.997378167883813
3.434077122856395
-23.835076125625008
11.48603881506982
-20.71058947907941
-8.278571782485056
1.0318034287580269
19.183409412050153
5.734847203953319
0.029850397918664617
-18.872936316565898
10.827159672937015
-2.281167645491654
-7.273738378047286
23.59094494767475
-10.692090333470754
41.49600247034616
12.446346447845587
-2.6407510785290924
6.896550523327759
3.309131728247626
25.085481020476724
22.90834593943459
8.575105174137288
28.30702452894443
-5.72498574734146
-8.256733945214801
0.5920992593585899
2.80574586131925
-20.47824648597701
12.036425518798184
-9.232803935272202
22.075521405627946
8.048598054743755
-27.812779518613294
-5.230523257905822
21.545393647279123
-17.452478192657388
-11.212548464500474
4.9380503511215545
12.985929436295574
-12.480551438662184
-18.608060476245086
-6.444704817734118
-15.14549618570065
10.695831640173875
-6.054638542388932
11.081491163847268
-0.23041313266360586
-8.26433174419299
-34.421342048462336
-38.18129248343945
22.70470311428239
15.139824249606317
6.2641567745241264
34.22249430428392
-9.571548509568697
4.54084969515958
13.183641506288806
-18.601440236039707
-4.793021633422063
6.021035495764056
-1.851310614239692
22.015252745258014
-5.861343255423463
-2.340279242836381
-13.216949550878219
18.713622991187115
5.6348577511441995
-11.026889704703319
0.48009019757090554
33.23250051162566
14.944694812380018
5.577754045927303
7.322208735895401
-19.004243843634807
-26.743898537068254
6.874173522887089
-2.4066476604666933
-37.359748357940745
17.12993510001621
24.040651776721766
-15.574918864309723
11.250443115607723
-18.56842542088829
5.282338213735363
2.150367832108615
2.3522185650016407
-14.787922956929897
-22.238605206347682
7.9462113264942555
11.881282825553537
0.8232665068718865
23.28843700729888
12.954704017669869
-32.428980337774206
-14.620203161473725
-2.025405726672276
-33.68563696913687
-5.00901082861354
1.519192182170485
9.38181073561341
15.610416033433324
17.655248364029404
-10.65143702465463
-21.469635753611346
-3.282111589322636
10.97154954726454
9.512399369071767
2.431174101860234
-0.3236782908800927
-4.996680835307165
-12.730658990072106
-13.52852811313448
-9.853935570940909
-6.42363189036914
7.22002734406788
27.749214098923634
-15.755729437552715
1.3772748348533406
-3.0707887692240354
-8.54512089754205
-21.096335657179843
18.85031003722299
10.73686301291108
15.072560299919932
-29.934754376653487
-2.5051690822443144
3.970367253669562
-14.610962260281527
10.724749960969536
-21.265308825405825
16.772336085503778
36.75593504589999
-3.665039102354419
10.062138652438124
-20.243695297280308
2.424662414533041
-7.483236397157435
19.031028818068094
6.292784944623633
-9.548669198578656
-8.0859044249656
17.074981685992153
-3.762441927102825
27.54212661404789
-4.042820894503959
-29.71711749797915
11.980783817103992
6.477070285502869
-0.5455152657097697
0.17084915788252208
0.43161963058169395
8.492941286610193
11.415567631948115
9.896595260749725
14.28566561622193
-5.815642586993593
8.23604764071266
17.475372668720436
-17.98011638407973
7.43029258586529
-29.696976524602082
-53.11823408974245
-2.6935076219573992
19.236196323364
-17.361582155198207
-25.81587886340407
-3.1772906211883085
8.117260022817717
15.822025835659048
-44.74914504051477
9.351695730496967
0.20551418410611633
-21.638955627745105
17.244349355687326
-26.315458332955277
-40.7932392717186
8.34443969105647
10.02027084044061
-9.64199326733769
15.162765160427726
13.230505807779917
-24.205008263288043
41.44657188080327
-49.171315403385535
-4.942633922651799
16.716049034774848
5.955135992072802
32.73293835148301
-42.20208955540858
15.096716688491725
-3.206928426887983
8.683011280173183
-16.02459118599886
10.948018842771317
3.9727753991670074
3.9642144787210407
11.982958426701991
42.333031126382956
-25.004107738444844
12.764434799452507
-25.322305717794727
-27.964253003718483
22.742530061364533
-9.45170365991903
16.296442737694807
-47.797319734289125
-17.765473581988314
24.734320529834985
-2.8679742706730575
29.342092609256348
2.048764840572626
-7.6869986698942885
11.693931717476236
-30.63193743094112
13.400726848400021
23.495131202145267
3.036607878552195
18.043521559471646
17.74112246455143
43.518434088780374
-23.981446796539466
-14.978124364342644
8.740070460564942
-14.819107472727513
-36.72045873340407
-5.463937576529524
-4.73044519286752
-15.404865291795177
18.570686511252987
1.5318375066511556
16.93441548301118
-29.993902242939747
15.306856856265195
3.9565375388042394
0.5654939244990396
26.767867254032637
34.62768141204335
4.44172257111541
16.01649879196945
44.707662243752765
-23.903547148281934
-12.074511341304156
-5.736465029519403
20.75559127343305
7.015958542778304
13.806518346457562
-31.882793747670682
14.765091180651654
-9.706298611555432
-32.52489452034854
-4.084769330987184
14.686797341606015
-35.262227283761796
12.075601952814383
-14.611428637257848
1.65640401399662
-18.670366489481662
-9.099068434977191
-6.936568443882598
7.9957517187463285
-12.144925532003377
2.6095391384949536
-10.648482861694635
-15.37963912253559
-29.310150946774414
11.744996335366906
-1.6218399999087172
-14.54727472387593
0.19503614929888358
-3.7710510471410514
19.285544695725395
7.091617620870206
-18.857528828516752
-5.653346846500853
-31.34030931519697
-4.538021133507247
44.17377554904557
-1.554054185145724
39.10996018750484
6.651371492974949
-3.8760046338907075
2.232915473341249
-8.430407294010585
-0.8157746008197133
1.1354159322419939
-23.691762623508478
20.240350462762933
-9.39399496801071
2.6420447936052422
-53.67425936772693
23.715923892226126
4.051217065195695
-37.46377195730563
1.9534383989624482
-2.52295531856116
-8.367636115738023
11.153730196537841
-2.4250805705356617
6.856087883833302
-16.20414424701152
-22.320867418592663
-15.537259629206336
15.902944772696902
-22.559739830420213
-1.136849135640317
21.974594769115992
-0.32847858938157604
-9.943423423219723
-19.876616026897796
14.308196166952195
-26.14760806620374
-7.274431214354586
-20.284598415855164
12.748831831435668
21.41466789753339
2.4088315425241027
-2.472822879870427
-22.46997209003939
21.419136071884335
-23.120864206403706
38.99396169459739
5.883740125055009
0.8201374389752591
20.474275105582738
-40.18174129868946
4.601536130733114
1.9906061902335115
-23.133230592472323
-12.447400568093293
-1.3860796438165264
4.618668754268938
4.862624763769865
5.913999781980561
10.7896219925416
2.239841115282148
8.096110714206407
-27.650917154968155
-0.6893928804227007
19.895986193951593
-24.091006781816997
-5.106068972785467
-35.19374766567302
-1.1272184939964445
0.46774776481603564
8.016370358941428
-10.961338625733182
-28.39278119703839
-10.489031897893547
-2.74571864345283
17.906991382093516
1.2694896608176396
-19.421133349031273
3.683668568866021
-7.801583425709823
-9.082713385928663
13.989481026178817
-9.166850121734557
26.314036106268926
-13.802108414344808
-9.281619885967057
24.37676267621918
1.8475822578468613
-10.87062747139383
-4.372873654469008
22.095320710649396
-3.6471777214589727
9.49441549109513
-18.563378452852827
8.5415478744141
-15.896089709779126
-10.550238117836988
-10.526848821385036
6.336594220416241
5.0950881260003085
7.159956992063031
0.14665785870057158
2.4003275670966198
31.442473883459332
-7.1906316877444825
13.669357594862806
38.591796738898815
-1.0619790497394894
-25.189247502264838
-9.18978456425213
-14.403269641662254
7.3281970741649225
-10.016256022250328
10.459557852297769
2.701162054604831
4.7717978128191465
6.8573233942638145
-7.663102777974868
-0.25204889866571234
-0.3168253357162514
8.694716899610022
-3.5757040823708675
10.340945162760493
5.696962917349277
13.458347402865186
7.858544385420222
-16.331818797713694
-2.1147280161687174
2.9531801562339295
-14.413705427019726
-21.850357080494202
-10.287500650551744
6.815203121192885
21.17455087537995
-11.59818226219119
7.577014122474494
-7.834123365303763
0.4035460938864732
-4.024368856940622
8.604910360602432
4.942740944505231
11.475449328293447
-11.97860423611043
-14.231469814640185
-18.119506550083695
34.0567700158327
-11.191443822654168
5.9421593448838275
-21.733524140387132
15.873289200272787
-4.820700091673493
0.35708009336059865
6.617235072010035
-8.7370943512534
28.574236031901133
8.76320061152694
0.3361859866951592
12.143476180945878
-4.605677574749311
19.7063135366274
-46.93025306692633
-0.6968888144267067
-33.31681527287557
8.286698423413844
9.587218304710508
20.53648461319664
13.990292576167827
11.527539605673619
4.088482615538186
9.867474411368923
-37.18681002206459
-14.463669503000649
-27.629394168120196
31.31908690144417
-5.938664172772844
8.610468009143036
4.234520241033534
-25.797301851229236
16.845486248721834
5.7492766594375615
-14.807454919269215
13.638849795756123
1.4927928302431024
10.512479144534126
32.00989721058882
35.381631161402716
-23.593019766172496
-9.074394960442675
-10.050434938219931
-26.146507189481387
22.97952672628999
34.966117029863014
-13.879765357668706
13.133913020644234
11.899749751202524
16.5730259344236
-2.261157768296059
17.19664676315862
4.946771099383162
-10.442306415849325
30.64213901400848
-17.700330323169503
20.911810951648143
17.170360010972725
25.43393476020463
1.4563304552237648
34.53147792071966
-6.655314014083874
-23.393085334202517
7.294029465724208
-30.712684880014944
-36.46974297291949
-7.1054646050931085
-21.483965166804964
-24.800839723808537
16.90161982589941
3.170148632317781
0.7809900725692347
20.085969075905016
2.3566209149777384
29.717342610850103
3.331922045622824
-17.466143523431644
16.363887418989247
27.333537681569148
19.224775899845987
-2.952390053287991
6.357917190323283
-19.847338897898815
-29.791268206602503
9.966853131523889
-18.92208342716824
4.130419656484142
-7.398756809343909
-7.373862248881093
2.4317057423681523
-16.13519432665259
-21.018021602596153
12.004115783465682
12.509381381679953
0.5585313702562661
1.9986678928997856
-50.906727528541516
-17.093685719560725
-22.64985383400772
41.55437703812028
-4.41758126961793
-8.66152064536134
10.07649412714078
-48.92754860921196
22.406113319672418
17.951531029505702
2.945629131919725
17.88289855794047
18.19687752158553
-32.78309642536756
-12.1658043541109
35.70519434778289
33.33066556301035
6.628316306834823
-7.1090445747467745
6.172606600078402
18.003772724448154
-20.310500198851855
-48.736832257885204
-49.010702801659114
32.40526517428461
21.718159451493854
0.5238412953396244
-20.628972730840182
-19.600866795875582
5.831952876236771
7.041593290673092
1.3699046872793603
16.588204206627488
28.507992429221428
-5.451482567824266
19.03713328944515
-21.08232337039182
22.52565705331763
-3.5827162844079377
-21.692281910300053
-0.43415077357918685
-5.546959591175151
10.664977302154918
10.728955559692755
0.17039860897816195
4.972864289956417
22.713325305694198
20.14348810239169
7.226489041718052
2.418186298302074
-24.730126041342032
7.708913441985672
-0.8406698188180147
14.467448032104075
22.51670220955355
-15.081265473136366
-13.259169301152374
-24.746798653288465
15.647735229992849
-31.677434404426386
26.049488851960295
-7.260772983189289
-2.256893585710747
21.541372802595856
-50.94586887981028
7.756435583954651
-7.247513202651945
2.998194423289588
7.032282664726481
-29.506970590999654
2.3706352369331984
-11.561320001128982
-19.202651673380892
6.179556874468946
-5.793161209484735
5.66519127764008
16.207479552482983
4.881229918211389
-12.073937832685044
1.5649982667564992
7.106228832846169
-20.963678950368074
-3.2598399483926923
16.253188388353085
5.22152319443161
-10.459859373867358
-17.630128044190926
14.218803158213657
-18.82542006306112
11.596952335496486
-16.565005284931573
-10.3841112258149
-14.692436003966465
32.835615118547615
-4.434034908199209
-29.275296010651044
20.809304587994802
-5.549490814980562
13.139283655359664
-15.084445151849845
3.0722515985148
37.75257412692776
-7.316713259174923
15.605749804395238
15.265103595399259
5.670078149859055
2.2157756255794476
16.065131202208956
-19.53423228278204
-3.6449392927233175
17.471494181003294
22.110156304808974
-16.185457205811616
37.4039886657066
26.468442214921144
-4.3168837434469784
5.1116581969491675
64.45195647756111
-6.801839050826398
-8.67737603573324
-10.210780378190385
4.078972139046863
-21.366117187194824
51.50914534321065
-32.77397121621026
39.26114034351221
-6.889815774302996
-19.59278224405902
14.767526512484757
-5.87223442781181
-14.497220603837997
8.583276192325133
27.11329883331465
-10.940870464624451
8.981603219274
-0.4108967333654121
7.38366094304185
29.55260904580535
25.24855616472206
25.854141157191698
-10.027363996280249
8.1336687414266
2.609932475500069
43.834184845911466
1.7803479487872345
15.729108968990117
-27.95992252310349
-11.43221029158489
-44.369607929148565
-15.703526476830909
26.233451785352113
-19.24152606838986
32.17785408943555
-23.909859144546083
1.6406556521829536
2.730628540776821
-9.202971614869092
-0.5867407767762689
-23.764374014667858
14.663871413409472
28.75576757751884
-6.648844080651953
18.577301262924397
-2.064632771090099
31.759105731964578
-0.671646904150732
22.475205173578
-15.346444278088036
7.619365708237949
9.493360232086262
3.1515895179269933
13.612395708833533
51.924426817200384
10.298868552627315
-5.493888738740349
-16.504977756622093
-25.95391487362918
3.692608342830872
-12.744490670656464
8.414731057939475
16.83616412850881
12.29797099809283
-16.3388164294089
-0.06664977898456492
9.02283491169914
-14.101016913473467
-22.854277966721668
-6.058662276909045
-30.006047193173757
15.297263783341911
10.689254413555425
-1.1956539793600471
5.05380878494276
-8.530618831888404
-3.0583621809465757
-8.353849453235048
10.11871048193727
15.364373534779887
30.627522165160485
1.6108533990904603
31.16607869236838
4.63404780302859
26.740239510039025
-9.220181896044124
-18.814261189034674
12.749487509877904
-2.5913031864965967
19.97804022035014
-6.68199061085202
-1.214447187916163
45.47908394873929
27.940842465722767
-8.917112432165787
4.85469916295213
-29.01006980805623
-45.34981874480638
0.49231699301642706
5.8852820495557285
-7.58161858680028
-5.630386791915444
-20.248744252799852
-3.655200635102011
-5.162373783715652
12.360907253089042
1.9637134791811997
-14.538291183719313
-1.0474082309743369
28.172403484882278
-14.91085611763433
-33.20900763705372
-15.483690270868724
22.95268721156686
-14.787734807616753
12.378871947572456
-21.459557659024007
-12.78306752899514
-1.8090323221181666
28.72099906718089
4.847657711721015
-13.102296406275718
-27.691148569159065
44.14901893308788
-10.776183015818651
-48.34370276032767
1.639531670072019
-22.508909609133994
-13.903252377619028
8.281744574835228
-26.95942244974653
-4.1551266068722645
-17.490292748767043
2.549733485886945
-0.7519905366394131
-3.2507746468687406
35.39808861066641
-16.29312988292181
25.283773856292587
25.768694731671484
-15.316283525542447
12.284415724554242
37.30155132123426
30.50154819328803
24.176785103706095
-3.5525491252618377
-10.778883911537546
-12.192160013703681
-6.702991769149985
19.411700613168666
-21.400336227291753
-4.905480702927825
-9.356273115112458
-0.5079751025241217
20.069495171010736
3.4301989233473233
24.51270772353507
-10.39203642663486
16.795526827370463
27.735151670498023
-9.02411759951102
-24.207501968153256
25.098664673078172
11.997558592153263
-26.15365140911024
-39.063663309394
12.584220905131923
-24.351236998274505
-23.30440233823903
-14.794732171283375
0.44951664890889387
-33.6422301647351
-0.1566579403846391
6.556658792485749
-21.688436312273822
18.188374562781163
-8.985761646096826
26.27592473910075
22.161801468996707
7.8509347563586624
-14.005180592968049
-1.6033307953728106
-2.7186675459447844
-2.128217057804403
-17.29788635665543
1.0406079578981149
-18.80011014606602
-26.758919162817488
6.352033876101488
4.615141759844078
-2.417917282670383
-15.084856837208113
16.9605441043958
4.638270129059656
17.713298057844796
-7.698726501301181
0.8268202084514705
-14.663999398510393
7.613790225529825
-14.389096293783192
-23.451018439521306
-12.049462074135564
8.96553560683336
-33.34539199296083
-38.752863210417914
-18.113146085961063
-23.01391355148686
-22.32163542883355
-10.347260030834155
-38.050715934868286
-37.962592343247266
-18.439627407912866
-14.227573429901131
13.897394715600424
-18.901369991935663
-2.471758984893846
-1.4754506546301074
6.590106160935521
4.83605553331147
25.881633250527475
16.91546637662589
4.069553837495922
13.226484574257347
4.382962182070697
-13.90672409172216
5.485558388432749
2.0513051805646887
17.88223811971322
-5.893522810102309
-28.209360401586103
17.61910874241858
-10.467100504286568
18.214031511268633
-6.860476366729604
-14.00437005457919
7.7642622462312705
-2.645492142323912
2.6175574150177088
-33.873706794763194
