0.002131716879907002
0.0428166781011545
0.0428166781011545
0.3163748364592861
0.0428166781011545
0.00010613193404085953
0.3163748364592861
0.01575137561267025
0.002131716879907002
0.0428166781011545
0.8599959689289796
2.337711414887675
0.0428166781011545
0.11638779803734861
0.0428166781011545
0.01575137561267025
2.337711414887675
0.0428166781011545
0.0428166781011545
0.0428166781011545
0.00010613193404085953
6.35455845927045
0.11638779803734861
0.11638779803734861
0.0428166781011545
17.273480787715574
17.273480787715574
0.11638779803734861
17.273480787715574
0.002131716879907002
0.11638779803734861
0.3163748364592861
0.0007842148145159185
2.337711414887675
0.01575137561267025
0.00010613193404085953
0.0428166781011545
0.0007842148145159185
0.01575137561267025
0.0428166781011545
0.01575137561267025
0.002131716879907002
0.0428166781011545
0.3163748364592861
6.35455845927045
2.337711414887675
0.11638779803734861
0.0428166781011545
0.002131716879907002
0.0428166781011545
0.0002884965077224824
0.0428166781011545
0.0002884965077224824
2.337711414887675
0.0428166781011545
0.0007842148145159185
17.273480787715574
0.11638779803734861
2.337711414887675
0.005794607258070617
0.0428166781011545
0.3163748364592861
0.0428166781011545
0.002131716879907002
2.995291048840518e-05
1.4912676023027376e-06
1.0048082065769112e-08
2.995291048840518e-05
0.0016353735007752857
4.053685624709223e-06
2.73135188902454e-08
3.6964828151999327e-09
4.053685624709223e-06
5.486066921722079e-07
2.995291048840518e-05
0.00022132373592507413
1.4912676023027376e-06
3.6964828151999327e-09
8.142045229009214e-05
4.053685624709223e-06
0.03284735483302468
7.424584207062693e-08
4.053685624709223e-06
2.018211233392253e-07
2.490670529184738e-11
1.4912676023027376e-06
3.6964828151999327e-09
4.053685624709223e-06
2.995291048840518e-05
3.6964828151999327e-09
8.142045229009214e-05
0.004445406069900913
0.0006016202895717974
5.002645487743544e-10
0.0006016202895717974
8.142045229009214e-05
8.142045229009214e-05
1.4912676023027376e-06
2.018211233392253e-07
0.0006016202895717974
2.018211233392253e-07
6.770344440161347e-11
4.053685624709223e-06
2.018211233392253e-07
2.018211233392253e-07
7.424584207062693e-08
2.018211233392253e-07
8.142045229009214e-05
5.486066921722079e-07
5.486066921722079e-07
0.004445406069900913
8.142045229009214e-05
2.018211233392253e-07
0.24271094756270015
1.4912676023027376e-06
2.73135188902454e-08
1.1019059971932731e-05
97.91658474269863
4.053685624709223e-06
4.053685624709223e-06
0.0006016202895717974
0.0006016202895717974
1.793404807365407
6.770344440161347e-11
3.6964828151999327e-09
2.995291048840518e-05
3.370756015163006e-12
4.053685624709223e-06
9.568332568378122e-06
0.0005224132571353291
0.028522797392378254
0.010492950765354385
0.0014200664638170679
0.00019218509709549784
0.07753300184852085
0.2107565500307158
0.07753300184852085
2.6009424549275114e-05
0.010492950765354385
0.07753300184852085
0.010492950765354385
4.233158467445591
0.003860140863798029
1.5572919713940432
0.010492950765354385
0.010492950765354385
0.003860140863798029
0.010492950765354385
0.0014200664638170679
0.07753300184852085
0.2107565500307158
0.07753300184852085
0.028522797392378254
1.5572919713940432
0.2107565500307158
0.010492950765354385
0.00019218509709549784
2.6009424549275114e-05
0.003860140863798029
0.00019218509709549784
1.5572919713940432
31.27904539161877
4.7637922774830076e-07
0.010492950765354385
0.010492950765354385
0.010492950765354385
0.00019218509709549784
9.568332568378122e-06
0.010492950765354385
0.010492950765354385
0.010492950765354385
1.294932998243559e-06
7.070094612097113e-05
0.010492950765354385
11.50691773904489
0.010492950765354385
0.2107565500307158
0.010492950765354385
0.003860140863798029
0.028522797392378254
1.5572919713940432
0.010492950765354385
31.27904539161877
9.568332568378122e-06
0.07753300184852085
0.0005224132571353291
0.028522797392378254
0.2107565500307158
0.003860140863798029
0.5728957001772144
11.50691773904489
1.5572919713940432
0.0010555557259145842
0.007799560474330327
0.021201403507339543
1.1575574096069547
0.021201403507339543
0.05763138989182895
0.021201403507339543
0.0003883172505747734
0.0010555557259145842
0.007799560474330327
0.42584157297006886
0.007799560474330327
0.0003883172505747734
0.0010555557259145842
1.1575574096069547
1.9333177502787197e-05
0.05763138989182895
0.1566583598917969
0.007799560474330327
1.1575574096069547
1.1575574096069547
0.0028692979486795106
0.0003883172505747734
0.021201403507339543
1.1575574096069547
0.007799560474330327
7.112278535793655e-06
0.42584157297006886
63.20049312169832
0.0003883172505747734
0.42584157297006886
0.0028692979486795106
0.007799560474330327
5.2553025092199656e-05
0.007799560474330327
0.0028692979486795106
0.42584157297006886
0.0028692979486795106
3.146567271932709
0.007799560474330327
0.0003883172505747734
0.0003883172505747734
0.1566583598917969
0.021201403507339543
23.250162091369962
1.1575574096069547
0.007799560474330327
0.42584157297006886
0.0010555557259145842
0.1566583598917969
7.112278535793655e-06
0.1566583598917969
0.0010555557259145842
0.00014285393313867855
0.007799560474330327
0.05763138989182895
0.05763138989182895
0.0003883172505747734
0.021201403507339543
0.007799560474330327
0.021201403507339543
0.0028692979486795106
0.1566583598917969
0.05763138989182895
0.020870815029497645
0.007677943769844134
0.007677943769844134
0.0010390966947666418
0.056732757239813386
5.173357818316824e-05
62.21502275825156
0.002824557663396017
0.15421562308336306
0.007677943769844134
0.007677943769844134
0.4192015258919951
0.020870815029497645
0.0010390966947666418
0.056732757239813386
7.00137845626252e-06
0.00038226231139384487
3.097503591573281
0.15421562308336306
0.020870815029497645
0.00038226231139384487
0.007677943769844134
22.887627804774148
0.056732757239813386
5.173357818316824e-05
0.00014062644549647153
3.097503591573281
0.002824557663396017
0.007677943769844134
0.0010390966947666418
0.0010390966947666418
0.002824557663396017
0.020870815029497645
0.020870815029497645
5.173357818316824e-05
0.056732757239813386
0.007677943769844134
0.0010390966947666418
0.0010390966947666418
0.0010390966947666418
0.007677943769844134
0.020870815029497645
0.4192015258919951
0.0010390966947666418
0.4192015258919951
0.007677943769844134
0.007677943769844134
0.020870815029497645
0.056732757239813386
0.020870815029497645
0.002824557663396017
0.056732757239813386
0.0010390966947666418
0.002824557663396017
0.15421562308336306
0.007677943769844134
3.097503591573281
0.00038226231139384487
3.097503591573281
0.056732757239813386
6.384430748287712e-09
0.056732757239813386
0.056732757239813386
0.00014062644549647153
0.6234426812133073
1.4091858259135533e-06
0.011418751016927157
0.0015453599030841958
0.08437379184379616
0.004200723742983001
0.6234426812133073
0.0015453599030841958
0.08437379184379616
0.0005685061375553682
0.22935174516717713
0.031039383393011336
0.6234426812133073
3.830564223502864e-06
0.004200723742983001
4.606652945952865
1.0412553121493167e-05
0.0015453599030841958
2.8304253938019384e-05
0.08437379184379616
0.004200723742983001
0.004200723742983001
0.004200723742983001
1.9071256288303076e-07
7.693893914780846e-05
0.0005685061375553682
0.0015453599030841958
0.031039383393011336
1.9071256288303076e-07
92.52709783824751
0.0005685061375553682
7.693893914780846e-05
0.031039383393011336
0.011418751016927157
0.031039383393011336
0.0005685061375553682
1.0412553121493167e-05
0.0015453599030841958
1.0412553121493167e-05
0.0015453599030841958
0.0015453599030841958
0.0005685061375553682
0.0015453599030841958
0.011418751016927157
0.000209141720186404
7.693893914780846e-05
2.8304253938019384e-05
0.0015453599030841958
0.0015453599030841958
0.0015453599030841958
0.08437379184379616
1.9071256288303076e-07
0.011418751016927157
2.8304253938019384e-05
7.693893914780846e-05
0.004200723742983001
0.031039383393011336
0.08437379184379616
0.08437379184379616
0.011418751016927157
0.0015453599030841958
0.0005685061375553682
0.000209141720186404
2.8304253938019384e-05
6.308050924153746e-07
0.27907662063198646
0.0018804034785022067
1.2670058975043814e-05
0.005111466605783726
0.013894406791277139
0.013894406791277139
0.013894406791277139
0.7586089066116873
0.10266655124210979
41.41864289966441
5.6054037681022
0.27907662063198646
0.013894406791277139
0.0002544849373622078
0.037768913497946595
3.444079107736604e-05
0.013894406791277139
0.0002544849373622078
0.013894406791277139
0.0018804034785022067
0.0018804034785022067
0.013894406791277139
0.0002544849373622078
0.7586089066116873
0.013894406791277139
0.037768913497946595
0.005111466605783726
0.0002544849373622078
0.013894406791277139
0.27907662063198646
0.013894406791277139
0.10266655124210979
41.41864289966441
6.308050924153746e-07
0.10266655124210979
0.013894406791277139
0.0002544849373622078
0.0002544849373622078
9.361977654335852e-05
1.2670058975043814e-05
0.0018804034785022067
0.013894406791277139
0.0006917617808482279
0.005111466605783726
0.27907662063198646
2.0621128057497344
0.0018804034785022067
0.037768913497946595
9.361977654335852e-05
0.005111466605783726
5.6054037681022
0.10266655124210979
0.037768913497946595
0.037768913497946595
9.361977654335852e-05
0.005111466605783726
0.27907662063198646
9.361977654335852e-05
0.005111466605783726
0.037768913497946595
0.10266655124210979
0.013894406791277139
0.013894406791277139
0.0008990493658707085
0.04908643216501213
0.00033074177830205584
0.0024438695541339744
0.04908643216501213
0.04908643216501213
0.985927345677898
0.018057889233964574
0.985927345677898
0.018057889233964574
0.0008990493658707085
2.680028387937089
0.13343075657804007
0.018057889233964574
0.04908643216501213
0.006643126200126693
0.04908643216501213
2.680028387937089
0.00033074177830205584
0.00012167310057380938
0.36270240096362855
0.018057889233964574
0.36270240096362855
4.476103224468969e-05
0.985927345677898
0.04908643216501213
2.2285205725825283e-06
0.36270240096362855
0.00033074177830205584
0.36270240096362855
0.04908643216501213
0.006643126200126693
0.36270240096362855
6.0577469767982335e-06
19.80288010519383
0.13343075657804007
0.04908643216501213
0.0024438695541339744
0.36270240096362855
0.006643126200126693
0.00012167310057380938
1.6466663528433354e-05
0.04908643216501213
7.285072466683778
0.00033074177830205584
0.36270240096362855
0.018057889233964574
0.018057889233964574
2.680028387937089
53.82980914110153
2.680028387937089
0.985927345677898
0.04908643216501213
0.04908643216501213
0.00012167310057380938
0.13343075657804007
0.0008990493658707085
0.006643126200126693
0.36270240096362855
0.0024438695541339744
0.018057889233964574
0.36270240096362855
3.015974628890747e-07
0.04908643216501213
1.9082403015632017e-05
0.0001410009463849084
1.1425425024244695
0.0001410009463849084
5.18713493607246e-05
0.05688384168139743
0.002832079714818482
8.442310645827016
0.007698390825538555
0.001041863902840401
7.020023757598953e-06
0.00038328031035362464
0.007698390825538555
0.05688384168139743
22.948579618757922
0.0001410009463849084
5.18713493607246e-05
0.007698390825538555
9.500569035624043e-07
0.007698390825538555
0.001041863902840401
6.401433062318734e-09
1.1425425024244695
0.05688384168139743
0.0001410009463849084
0.001041863902840401
3.4950640276360823e-07
0.002832079714818482
0.002832079714818482
0.4203178973065351
1.9082403015632017e-05
0.0001410009463849084
0.001041863902840401
1.7400899169397953e-08
0.007698390825538555
0.001041863902840401
62.380706966615264
3.1057525225825606
0.007698390825538555
0.001041863902840401
0.001041863902840401
0.001041863902840401
0.001041863902840401
0.00038328031035362464
1.9082403015632017e-05
0.001041863902840401
2.582522416955751e-06
0.007698390825538555
0.007698390825538555
0.001041863902840401
0.0001410009463849084
0.002832079714818482
0.001041863902840401
0.001041863902840401
0.00038328031035362464
5.18713493607246e-05
5.18713493607246e-05
3.4950640276360823e-07
9.500569035624043e-07
0.00038328031035362464
1.9082403015632017e-05
0.002832079714818482
2.582522416955751e-06
0.15462631317548384
0.00017533806209819516
0.026022475706916896
2.3729426296218028e-05
0.009573133820958021
0.026022475706916896
0.026022475706916896
0.026022475706916896
0.003521759120313471
10.498215978135491
2.3729426296218028e-05
0.00047661826803874755
0.026022475706916896
0.00047661826803874755
0.00047661826803874755
0.026022475706916896
0.009573133820958021
0.07073642284562913
0.003521759120313471
0.009573133820958021
0.07073642284562913
0.003521759120313471
1.4207790328800995
0.0012955827771213501
0.026022475706916896
10.498215978135491
0.07073642284562913
0.026022475706916896
0.19228153283146898
3.8620778273335916
4.3461960307836235e-07
28.53710972460411
0.19228153283146898
0.009573133820958021
0.026022475706916896
0.026022475706916896
0.026022475706916896
6.450326830076769e-05
2.3729426296218028e-05
0.026022475706916896
2.3729426296218028e-05
2.3729426296218028e-05
0.026022475706916896
10.498215978135491
1.4207790328800995
3.8620778273335916
10.498215978135491
0.026022475706916896
0.00047661826803874755
0.026022475706916896
3.8620778273335916
0.19228153283146898
10.498215978135491
0.026022475706916896
0.19228153283146898
0.00047661826803874755
0.00047661826803874755
0.19228153283146898
0.026022475706916896
1.4207790328800995
2.3729426296218028e-05
0.026022475706916896
1.4207790328800995
0.003521759120313471
0.003521759120313471
4.509470869184605
0.08259384001925146
0.03038457571048574
0.08259384001925146
0.03038457571048574
0.6102905173283524
0.03038457571048574
0.03038457571048574
0.08259384001925146
0.03038457571048574
0.00411210515980289
0.0015127589482264916
33.3207332288986
0.03038457571048574
0.2245133344669847
0.2245133344669847
0.00411210515980289
4.509470869184605
4.509470869184605
0.00411210515980289
0.03038457571048574
0.2245133344669847
0.0005565129165006605
0.0005565129165006605
0.011177860732604874
0.03038457571048574
0.03038457571048574
7.53158331794503e-05
4.509470869184605
0.011177860732604874
0.011177860732604874
0.03038457571048574
7.53158331794503e-05
0.2245133344669847
0.2245133344669847
0.0015127589482264916
0.0015127589482264916
1.0192889615542377e-05
0.08259384001925146
33.3207332288986
4.509470869184605
0.03038457571048574
0.0015127589482264916
0.2245133344669847
0.03038457571048574
0.2245133344669847
0.03038457571048574
0.03038457571048574
0.0015127589482264916
0.2245133344669847
0.2245133344669847
0.0005565129165006605
0.00411210515980289
1.6589416233345304
0.0005565129165006605
0.03038457571048574
0.011177860732604874
0.011177860732604874
4.509470869184605
0.6102905173283524
0.0015127589482264916
0.2245133344669847
0.2245133344669847
0.08259384001925146
0.0020809571764846555
0.0020809571764846555
1.402137916252015e-05
0.00010360475721623867
0.0002816269288828127
0.0007655413631868776
0.005656628078639681
0.04179714220385491
0.0020809571764846555
0.01537630931651745
0.30884142851926577
0.0020809571764846555
0.00010360475721623867
0.005656628078639681
0.0020809571764846555
0.0002816269288828127
0.005656628078639681
3.811406018741283e-05
0.00010360475721623867
1.897587320327604e-06
0.11361641213425742
0.0007655413631868776
0.0007655413631868776
0.01537630931651745
5.158177130760819e-06
0.0007655413631868776
45.836132068296834
0.0020809571764846555
0.0020809571764846555
45.836132068296834
5.158177130760819e-06
1.897587320327604e-06
0.0007655413631868776
5.158177130760819e-06
3.811406018741283e-05
0.00010360475721623867
0.8395180430192533
0.005656628078639681
0.11361641213425742
0.0020809571764846555
0.0020809571764846555
0.0020809571764846555
0.0020809571764846555
0.11361641213425742
0.30884142851926577
0.0007655413631868776
1.402137916252015e-05
3.811406018741283e-05
0.005656628078639681
0.0002816269288828127
0.0002816269288828127
6.203245915933738
0.005656628078639681
0.0020809571764846555
0.0002816269288828127
0.01537630931651745
3.811406018741283e-05
0.04179714220385491
0.04179714220385491
0.005656628078639681
0.04179714220385491
0.04179714220385491
0.00010360475721623867
3.811406018741283e-05
0.00034061256546799714
6.238536750077164e-06
8.442941380537103e-07
0.0068413862602091325
0.37352703346958976
0.0068413862602091325
55.43632704743568
1.6958101083908702e-05
0.0025168053542437194
0.00034061256546799714
1.0153517475185994
0.37352703346958976
0.0025168053542437194
0.13741291633521932
0.0009258809472564735
0.0025168053542437194
0.0001253043602403381
0.0009258809472564735
0.00034061256546799714
0.0009258809472564735
20.393885014807957
0.00034061256546799714
0.0009258809472564735
0.0009258809472564735
0.0025168053542437194
0.0009258809472564735
0.0009258809472564735
0.37352703346958976
0.0009258809472564735
0.0009258809472564735
0.13741291633521932
0.0068413862602091325
0.37352703346958976
0.0068413862602091325
1.6958101083908702e-05
4.609689802156067e-05
0.13741291633521932
0.0009258809472564735
0.0009258809472564735
4.609689802156067e-05
0.00034061256546799714
4.609689802156067e-05
0.0009258809472564735
0.0025168053542437194
0.37352703346958976
0.0025168053542437194
0.018596815952595873
0.00034061256546799714
0.0009258809472564735
0.018596815952595873
1.6958101083908702e-05
4.609689802156067e-05
0.0009258809472564735
0.00034061256546799714
0.13741291633521932
0.050551386871138644
0.0009258809472564735
0.050551386871138644
0.0009258809472564735
0.13741291633521932
0.00034061256546799714
0.0068413862602091325
20.393885014807957
0.00034061256546799714
0.6027203711343277
7.438160292073819e-05
0.0005496098367097183
0.6027203711343277
0.030007680324369106
0.22172843331554082
12.105962268775915
0.0014939944318703704
0.030007680324369106
0.08156933213994057
0.030007680324369106
1.6383638324965348
0.6027203711343277
0.030007680324369106
0.030007680324369106
0.030007680324369106
7.438160292073819e-05
32.9074172512244
0.030007680324369106
0.0005496098367097183
0.22172843331554082
0.0014939944318703704
32.9074172512244
1.6383638324965348
0.030007680324369106
0.004061097915972224
4.453534634279849
0.0005496098367097183
0.0005496098367097183
1.6383638324965348
0.004061097915972224
0.08156933213994057
0.030007680324369106
0.011039208668580193
0.030007680324369106
0.00020219015959109881
0.6027203711343277
0.0014939944318703704
0.011039208668580193
0.004061097915972224
0.011039208668580193
1.6383638324965348
0.22172843331554082
0.030007680324369106
0.22172843331554082
0.030007680324369106
0.030007680324369106
0.22172843331554082
0.0014939944318703704
0.011039208668580193
0.011039208668580193
0.08156933213994057
0.08156933213994057
0.00020219015959109881
0.030007680324369106
0.08156933213994057
1.6383638324965348
0.22172843331554082
0.0014939944318703704
0.08156933213994057
0.00020219015959109881
0.22172843331554082
4.453534634279849
0.030007680324369106
1.8801917604569347
0.0006307340689235333
0.2544562844405847
0.012668632430076024
0.6916838941320476
37.76466102733099
0.03443691332610262
0.6916838941320476
0.6916838941320476
0.6916838941320476
0.03443691332610262
0.6916838941320476
0.03443691332610262
0.03443691332610262
0.03443691332610262
0.001714512958144876
0.001714512958144876
13.892842394763468
0.03443691332610262
0.03443691332610262
0.001714512958144876
0.2544562844405847
0.6916838941320476
0.2544562844405847
0.09360923572256387
0.00023203409680337946
0.004660529418782779
0.004660529418782779
0.03443691332610262
0.012668632430076024
0.09360923572256387
0.09360923572256387
0.012668632430076024
0.09360923572256387
0.03443691332610262
0.09360923572256387
0.2544562844405847
0.00023203409680337946
37.76466102733099
0.09360923572256387
0.012668632430076024
0.004660529418782779
0.00023203409680337946
0.0006307340689235333
8.536057386474759e-05
0.03443691332610262
0.2544562844405847
1.8801917604569347
0.0006307340689235333
0.03443691332610262
3.140240021143697e-05
0.012668632430076024
0.03443691332610262
0.001714512958144876
0.03443691332610262
0.09360923572256387
0.012668632430076024
0.03443691332610262
8.536057386474759e-05
0.012668632430076024
0.09360923572256387
0.004660529418782779
0.012668632430076024
0.03443691332610262
3.7909632165227754e-06
0.0015293837166171216
2.8011639875869372e-05
3.7909632165227754e-06
0.0041572959656214796
0.0005626288270058102
7.614353165991449e-05
1.0304906423830513e-05
0.0041572959656214796
7.614353165991449e-05
0.0005626288270058102
1.6771728956028888
0.0015293837166171216
0.0015293837166171216
6.943391331430537e-08
0.08350152161810936
1.3946174295958923e-06
0.00020697957846584156
0.00020697957846584156
0.0005626288270058102
91.57053738564947
2.5543309228413024e-08
0.00020697957846584156
0.011300702078874968
0.0005626288270058102
0.03071849310983518
3.4569109892276593e-09
0.0005626288270058102
7.614353165991449e-05
0.0041572959656214796
0.011300702078874968
0.08350152161810936
1.0304906423830513e-05
0.00020697957846584156
3.7909632165227754e-06
0.011300702078874968
0.08350152161810936
0.03071849310983518
0.0041572959656214796
0.0015293837166171216
1.3946174295958923e-06
0.08350152161810936
0.0015293837166171216
0.00020697957846584156
0.03071849310983518
4.559028605301372
1.3946174295958923e-06
1.6771728956028888
1.3946174295958923e-06
3.7909632165227754e-06
0.0005626288270058102
0.0041572959656214796
0.0041572959656214796
1.0304906423830513e-05
0.0005626288270058102
0.0015293837166171216
1.0304906423830513e-05
3.4569109892276593e-09
1.3946174295958923e-06
0.0005626288270058102
2.8011639875869372e-05
0.0005626288270058102
0.011300702078874968
0.0041572959656214796
0.0012301547501484687
0.024708318655341767
0.00045254864203901396
0.009089682459213053
3.049248764566977e-06
0.00016648334153620753
3.049248764566977e-06
0.0033439073035211597
0.49627984666175373
6.124579864869439e-05
73.65445984201318
0.18257115265457505
0.00045254864203901396
0.0033439073035211597
6.124579864869439e-05
9.96804718435857
0.49627984666175373
0.06716417361259115
0.009089682459213053
3.667039627752399
0.009089682459213053
1.0229090036901257e-09
0.009089682459213053
0.00045254864203901396
0.009089682459213053
0.00045254864203901396
0.0033439073035211597
0.0012301547501484687
0.0033439073035211597
0.0012301547501484687
0.009089682459213053
3.049248764566977e-06
0.06716417361259115
6.124579864869439e-05
1.1217559315016105e-06
6.124579864869439e-05
0.009089682459213053
0.00045254864203901396
6.124579864869439e-05
0.00045254864203901396
0.0033439073035211597
0.009089682459213053
0.0012301547501484687
0.00016648334153620753
3.667039627752399
0.06716417361259115
0.0033439073035211597
0.49627984666175373
0.0033439073035211597
1.3490284890110864
0.0033439073035211597
0.49627984666175373
1.3490284890110864
0.06716417361259115
0.024708318655341767
0.0033439073035211597
0.009089682459213053
0.0012301547501484687
3.667039627752399
0.0033439073035211597
8.288717507173607e-06
0.06716417361259115
0.00045254864203901396
0.00016648334153620753
2.883920006889393e-05
2.883920006889393e-05
0.0859684437852637
94.27584603341313
0.0005792508178189652
0.004280116788215793
3.9029613096411e-06
0.0005792508178189652
0.03162602305810137
0.0005792508178189652
5.28208374301819e-07
4.816636905806983e-10
0.0005792508178189652
7.148522994408742e-08
1.7267223518778976
0.0005792508178189652
0.03162602305810137
0.0002130944671573419
0.6352256538670795
0.0005792508178189652
1.0609348805176118e-05
0.0005792508178189652
0.0005792508178189652
0.0005792508178189652
0.6352256538670795
0.0005792508178189652
7.839307349456922e-05
0.004280116788215793
0.6352256538670795
1.4358192255045284e-06
0.01163456368908948
0.0002130944671573419
0.004280116788215793
0.001574566972197334
0.0005792508178189652
3.9029613096411e-06
7.148522994408742e-08
0.0002130944671573419
1.0609348805176118e-05
2.883920006889393e-05
0.01163456368908948
0.0005792508178189652
7.839307349456922e-05
1.9431700156022924e-07
3.9029613096411e-06
7.148522994408742e-08
1.7267223518778976
0.0005792508178189652
2.883920006889393e-05
0.03162602305810137
0.0005792508178189652
0.0005792508178189652
3.9029613096411e-06
0.0005792508178189652
0.01163456368908948
0.0005792508178189652
1.0609348805176118e-05
0.0859684437852637
0.03162602305810137
0.0005792508178189652
0.001574566972197334
1.4358192255045284e-06
2.883920006889393e-05
0.004280116788215793
0.024422092168720905
0.00016455476263962173
3.6245598506541654
72.80123071061783
3.6245598506541654
0.0033051707608845048
0.0012159043724903824
0.06638612935518598
0.00016455476263962173
0.0004473062210696751
0.0012159043724903824
3.0139256099286777e-06
0.00016455476263962173
8.19269921779647e-06
0.008984385619266504
0.0012159043724903824
0.0004473062210696751
1.5005452039717513e-07
0.4905308339963361
0.00016455476263962173
3.6245598506541654
0.024422092168720905
0.18045620908793367
0.008984385619266504
0.18045620908793367
0.0004473062210696751
0.00016455476263962173
0.0033051707608845048
0.06638612935518598
0.00016455476263962173
0.0004473062210696751
0.0004473062210696751
0.024422092168720905
6.053631412196336e-05
0.06638612935518598
0.0012159043724903824
0.00016455476263962173
8.19269921779647e-06
0.0012159043724903824
0.0033051707608845048
0.0004473062210696751
0.008984385619266504
0.00016455476263962173
0.00016455476263962173
0.0004473062210696751
7.470774665921192e-09
0.06638612935518598
0.0033051707608845048
0.0004473062210696751
0.18045620908793367
0.0004473062210696751
0.008984385619266504
0.008984385619266504
6.053631412196336e-05
0.0004473062210696751
0.0033051707608845048
0.0004473062210696751
9.85257517819545
0.0033051707608845048
0.06638612935518598
3.6245598506541654
6.053631412196336e-05
2.2270065409766777e-05
1.3334010523511008
2.3581899272375465e-05
10.432948047104322
0.009513617171721642
0.025860692680806874
0.0004736551085541898
0.07029665098560116
8.675295926082728e-06
1.4119459789477289
3.8380670973394286
0.0034998641686519952
0.009513617171721642
0.00017424797664291418
0.025860692680806874
6.410224827264981e-05
0.0034998641686519952
0.07029665098560116
0.009513617171721642
0.009513617171721642
0.0012875280745396505
0.009513617171721642
0.0012875280745396505
0.0034998641686519952
0.0012875280745396505
6.410224827264981e-05
0.07029665098560116
1.4119459789477289
3.1914630172842044e-06
0.19108610897568726
0.07029665098560116
0.0004736551085541898
3.8380670973394286
0.00017424797664291418
0.009513617171721642
0.0004736551085541898
0.0012875280745396505
0.0012875280745396505
3.1914630172842044e-06
0.00017424797664291418
0.19108610897568726
0.009513617171721642
0.009513617171721642
2.3581899272375465e-05
0.0034998641686519952
0.0004736551085541898
0.009513617171721642
0.19108610897568726
0.0012875280745396505
0.0012875280745396505
0.025860692680806874
0.07029665098560116
0.0034998641686519952
0.0012875280745396505
0.0034998641686519952
0.025860692680806874
0.0004736551085541898
0.0034998641686519952
0.19108610897568726
0.025860692680806874
0.5194258976995555
0.009513617171721642
77.08963839728283
0.009513617171721642
3.1914630172842044e-06
0.07029665098560116
0.0026082810236580855
1.0522556664643774
0.0009595329654014141
0.007090042910124331
4.777233334965943e-05
0.007090042910124331
0.1424073186582872
0.019272734805585855
0.019272734805585855
0.0026082810236580855
0.019272734805585855
0.052388724806734205
7.775176149922945
1.0522556664643774
0.0009595329654014141
0.00012985866564746727
0.00035299245109744905
0.38710322654839885
0.019272734805585855
0.1424073186582872
0.019272734805585855
0.00012985866564746727
0.019272734805585855
0.007090042910124331
0.0009595329654014141
0.019272734805585855
7.775176149922945
0.007090042910124331
0.00012985866564746727
0.0009595329654014141
0.00035299245109744905
0.0026082810236580855
0.019272734805585855
0.0026082810236580855
0.00012985866564746727
57.45121275084827
0.007090042910124331
0.019272734805585855
0.1424073186582872
1.0522556664643774
4.777233334965943e-05
0.052388724806734205
1.0522556664643774
0.0026082810236580855
1.0522556664643774
0.38710322654839885
0.0009595329654014141
0.007090042910124331
1.0522556664643774
0.00035299245109744905
0.38710322654839885
7.775176149922945
0.019272734805585855
0.052388724806734205
2.860327457043179
4.777233334965943e-05
0.052388724806734205
0.007090042910124331
7.775176149922945
0.1424073186582872
1.757445929612857e-05
0.052388724806734205
0.019272734805585855
0.00012985866564746727
2.0400920685244346
3.407300731304845e-05
0.03736558962686429
0.03736558962686429
3.407300731304845e-05
6.240688977989942e-07
0.0018603231653582402
3.407300731304845e-05
4.20494315714731e-09
9.262003662001176e-05
3.407300731304845e-05
8.445854104278761e-08
9.262003662001176e-05
9.262003662001176e-05
4.20494315714731e-09
0.013746032230972278
0.0002517673624953893
6.240688977989942e-07
0.005056882655454716
0.0006843746464702781
0.0018603231653582402
0.0002517673624953893
1.6963951445934712e-06
9.262003662001176e-05
3.407300731304845e-05
8.445854104278761e-08
0.005056882655454716
6.240688977989942e-07
0.7505079301070608
0.0002517673624953893
1.2534758889354732e-05
0.0018603231653582402
9.262003662001176e-05
3.407300731304845e-05
40.976344569049836
6.240688977989942e-07
0.0018603231653582402
3.407300731304845e-05
3.407300731304845e-05
0.013746032230972278
3.407300731304845e-05
15.07435474131052
4.611280095434588e-06
0.03736558962686429
0.013746032230972278
0.0018603231653582402
2.2958211737477198e-07
9.262003662001176e-05
2.2958211737477198e-07
4.611280095434588e-06
0.0018603231653582402
6.240688977989942e-07
8.445854104278761e-08
3.107056088097603e-08
1.1430220573776738e-08
9.262003662001176e-05
4.20494315714731e-09
0.0002517673624953893
3.107056088097603e-08
1.6963951445934712e-06
0.005056882655454716
6.240688977989942e-07
40.976344569049836
1.2534758889354732e-05
0.049321739390688055
0.9906536176475045
0.018144453924649837
0.00033232726591716203
0.049321739390688055
0.9906536176475045
0.0024555848110661546
19.89780981534839
0.0009033591680440987
0.0009033591680440987
0.018144453924649837
0.049321739390688055
0.006674971570161166
7.319995155406006
0.0024555848110661546
0.018144453924649837
54.08785484719556
0.049321739390688055
0.00033232726591716203
0.018144453924649837
0.018144453924649837
0.00033232726591716203
0.006674971570161166
2.6928757271484267
0.018144453924649837
0.018144453924649837
0.049321739390688055
0.00033232726591716203
0.018144453924649837
0.006674971570161166
0.049321739390688055
2.6928757271484267
0.0009033591680440987
0.0009033591680440987
0.36444109925463164
0.006674971570161166
0.018144453924649837
0.9906536176475045
0.018144453924649837
0.018144453924649837
0.9906536176475045
0.018144453924649837
0.049321739390688055
2.6928757271484267
0.018144453924649837
0.049321739390688055
0.018144453924649837
0.006674971570161166
0.00033232726591716203
2.6928757271484267
0.0009033591680440987
0.049321739390688055
0.018144453924649837
0.006674971570161166
2.6928757271484267
0.018144453924649837
0.018144453924649837
0.018144453924649837
0.006674971570161166
0.006674971570161166
0.018144453924649837
0.049321739390688055
0.00012225636887163888
0.00033232726591716203
0.2722806347071813
0.0006749162159445233
0.013556054575411824
0.004986993781692076
14.866018944862425
0.0006749162159445233
0.0006749162159445233
40.410029159347445
0.03684917681794106
0.0006749162159445233
0.7401355015658262
1.2361521691390827e-05
9.133997724583491e-05
0.03684917681794106
0.0006749162159445233
0.7401355015658262
0.03684917681794106
0.013556054575411824
0.03684917681794106
0.2722806347071813
0.2722806347071813
0.0018346124855343387
0.7401355015658262
5.468902741880064
0.0006749162159445233
0.2722806347071813
0.2722806347071813
0.10016644773788348
3.360209978581001e-05
0.013556054575411824
2.0118968845038063
2.0118968845038063
5.468902741880064
2.0118968845038063
14.866018944862425
3.360209978581001e-05
9.133997724583491e-05
0.2722806347071813
5.468902741880064
0.0006749162159445233
0.03684917681794106
0.2722806347071813
3.360209978581001e-05
0.0018346124855343387
0.2722806347071813
0.10016644773788348
0.004986993781692076
0.03684917681794106
1.2361521691390827e-05
0.013556054575411824
0.0018346124855343387
0.004986993781692076
0.013556054575411824
9.133997724583491e-05
0.0018346124855343387
0.7401355015658262
0.7401355015658262
3.360209978581001e-05
0.0006749162159445233
3.360209978581001e-05
0.004986993781692076
0.0018346124855343387
0.2722806347071813
0.7401355015658262
0.06512926482746258
0.008814287502417004
0.06512926482746258
0.00016143930695575255
0.0032425951607135952
3.5559373725981858
0.0004388375344968441
0.0032425951607135952
9.666039943072049
0.008814287502417004
0.023959717548633803
0.17703969708138836
0.008814287502417004
5.939020202598719e-05
3.5559373725981858
0.008814287502417004
0.06512926482746258
0.00016143930695575255
2.184843433237923e-05
0.17703969708138836
4.0016803351608005e-07
0.008814287502417004
0.0032425951607135952
0.023959717548633803
0.023959717548633803
5.939020202598719e-05
0.0004388375344968441
0.17703969708138836
0.17703969708138836
2.9568640486490763e-06
0.4812437914922318
0.17703969708138836
0.001192884095668541
0.00016143930695575255
0.001192884095668541
0.17703969708138836
0.023959717548633803
0.00016143930695575255
1.3081562534720674
0.06512926482746258
0.008814287502417004
1.9923193243298747e-08
0.008814287502417004
1.3081562534720674
0.0032425951607135952
0.00016143930695575255
0.0032425951607135952
0.00016143930695575255
0.17703969708138836
0.17703969708138836
0.008814287502417004
0.00016143930695575255
0.4812437914922318
71.42291139386381
0.0032425951607135952
0.00016143930695575255
1.3081562534720674
0.17703969708138836
3.5559373725981858
0.0032425951607135952
1.0877694938369507e-06
1.3081562534720674
5.939020202598719e-05
0.0004388375344968441
3.3637845269612213e-06
0.0001836564122821979
0.20140371146666583
0.0036888376500742626
4.045301683130751
0.0036888376500742626
0.0036888376500742626
0.0013570475332814963
0.02725702833624624
0.0001836564122821979
0.0036888376500742626
0.010027300352332433
0.010027300352332433
0.010027300352332433
0.010027300352332433
3.3637845269612213e-06
2.4855192574431365e-05
0.0013570475332814963
0.0036888376500742626
2.4855192574431365e-05
0.5474720490640463
4.5523873170323216e-07
0.0013570475332814963
10.996270055889115
0.0036888376500742626
0.0004992298881866811
0.010027300352332433
1.2374671719996387e-06
0.0036888376500742626
2.4855192574431365e-05
9.143714354490394e-06
6.756341831792697e-05
0.0036888376500742626
0.02725702833624624
6.756341831792697e-05
0.20140371146666583
0.0013570475332814963
0.0036888376500742626
0.0001836564122821979
0.010027300352332433
3.3637845269612213e-06
0.5474720490640463
0.010027300352332433
0.0013570475332814963
0.0001836564122821979
0.0036888376500742626
0.0013570475332814963
0.010027300352332433
0.010027300352332433
0.0036888376500742626
0.010027300352332433
81.25205632195593
6.756341831792697e-05
0.0036888376500742626
0.010027300352332433
0.07409228482421143
0.0036888376500742626
0.0036888376500742626
0.20140371146666583
0.20140371146666583
0.0036888376500742626
0.0036888376500742626
0.010027300352332433
1.488183322560036
0.007713969005865709
0.0028378106070917034
0.05699894972975402
0.007713969005865709
3.1120372090767563
0.0003840559022826195
0.0010439721802872875
0.15493920929164098
2.5877483142662376e-06
0.007713969005865709
3.1120372090767563
0.0010439721802872875
0.020968741773941042
5.1976314314111154e-05
0.007713969005865709
0.05699894972975402
0.0003840559022826195
0.0001412862707103241
8.45939419492175
8.45939419492175
0.020968741773941042
0.4211684371332805
0.020968741773941042
0.15493920929164098
0.15493920929164098
1.144854509379892
0.0028378106070917034
0.0010439721802872875
0.007713969005865709
0.0001412862707103241
1.144854509379892
0.15493920929164098
0.15493920929164098
0.4211684371332805
0.05699894972975402
0.020968741773941042
2.5877483142662376e-06
0.007713969005865709
1.144854509379892
0.05699894972975402
0.0028378106070917034
0.020968741773941042
7.0342292192954406e-06
0.05699894972975402
0.0003840559022826195
0.05699894972975402
0.15493920929164098
0.05699894972975402
9.519794037446055e-07
0.020968741773941042
5.1976314314111154e-05
0.0003840559022826195
0.0001412862707103241
0.007713969005865709
0.007713969005865709
0.007713969005865709
0.05699894972975402
0.0010439721802872875
0.0028378106070917034
0.007713969005865709
62.5069382692451
7.0342292192954406e-06
0.007713969005865709
8.45939419492175
0.005256976807872576
0.038844096544147846
3.5421231106866925e-05
0.0007114544452617392
0.0007114544452617392
6.487624779477728e-07
0.00026172946374182715
0.00026172946374182715
0.0007114544452617392
9.628488885944464e-05
3.5421231106866925e-05
0.2870212084769866
0.001933933690331396
0.001933933690331396
9.628488885944464e-05
0.014289944529470664
0.2870212084769866
0.001933933690331396
0.005256976807872576
0.001933933690331396
1.3030742705198714e-05
0.014289944529470664
5.7649750806024604
9.628488885944464e-05
0.00026172946374182715
0.038844096544147846
0.780204535385348
0.038844096544147846
0.014289944529470664
15.670827003120888
9.628488885944464e-05
0.001933933690331396
0.2870212084769866
15.670827003120888
3.229998184409058e-08
3.5421231106866925e-05
0.001933933690331396
0.001933933690331396
0.014289944529470664
2.386663778404268e-07
0.014289944529470664
0.001933933690331396
0.038844096544147846
2.386663778404268e-07
3.5421231106866925e-05
0.10558920177886587
3.5421231106866925e-05
0.0007114544452617392
42.597724279508824
2.1208158110193236
0.2870212084769866
0.005256976807872576
15.670827003120888
0.014289944529470664
0.038844096544147846
0.014289944529470664
0.00026172946374182715
0.0007114544452617392
0.014289944529470664
0.014289944529470664
0.005256976807872576
0.10558920177886587
1.3030742705198714e-05
1.3030742705198714e-05
0.0019870327661487084
0.10848831308696077
0.8016262314779055
0.0019870327661487084
0.0007309885036001319
0.014682296579486153
0.0019870327661487084
0.8016262314779055
16.101093270945253
16.101093270945253
0.0399106199920636
0.005401315060774745
0.0399106199920636
0.10848831308696077
0.0399106199920636
0.10848831308696077
0.0019870327661487084
0.0399106199920636
0.0399106199920636
0.10848831308696077
0.10848831308696077
0.0007309885036001319
43.76730925673469
0.0399106199920636
0.014682296579486153
0.0019870327661487084
0.0399106199920636
0.0007309885036001319
0.10848831308696077
0.014682296579486153
9.892853617743153e-05
0.005401315060774745
0.005401315060774745
0.0399106199920636
0.005401315060774745
0.8016262314779055
0.10848831308696077
16.101093270945253
0.8016262314779055
0.0399106199920636
0.0007309885036001319
0.10848831308696077
4.925361794198486e-06
2.179046018242494
0.0007309885036001319
9.892853617743153e-05
0.2949018100644611
0.10848831308696077
0.10848831308696077
0.014682296579486153
9.892853617743153e-05
0.10848831308696077
0.0002689156422071654
0.0399106199920636
0.014682296579486153
0.2949018100644611
0.014682296579486153
0.0019870327661487084
0.10848831308696077
9.892853617743153e-05
0.10848831308696077
0.0019870327661487084
0.0019870327661487084
0.014682296579486153
0.0001021763937344154
6.117723878402238
0.0055786420749572305
0.04122089924771386
0.04122089924771386
0.04122089924771386
0.04122089924771386
0.11205002137780172
2.250584841627804
0.0020522677290307615
0.8279438938469555
6.117723878402238
0.0007549871052900214
0.04122089924771386
0.000277744234385738
6.117723878402238
0.11205002137780172
0.04122089924771386
0.11205002137780172
0.04122089924771386
0.11205002137780172
1.3828071186142766e-05
0.04122089924771386
0.04122089924771386
0.0055786420749572305
0.0055786420749572305
0.0055786420749572305
0.04122089924771386
0.0020522677290307615
0.000277744234385738
0.30458353698972596
0.000277744234385738
2.250584841627804
0.04122089924771386
0.04122089924771386
0.015164321379833303
0.04122089924771386
0.015164321379833303
0.015164321379833303
0.0055786420749572305
0.0020522677290307615
0.0020522677290307615
0.04122089924771386
6.117723878402238
45.20420493528172
0.11205002137780172
0.0055786420749572305
0.11205002137780172
0.30458353698972596
16.629697650190796
0.04122089924771386
2.250584841627804
0.0055786420749572305
0.0020522677290307615
0.04122089924771386
0.8279438938469555
2.250584841627804
0.04122089924771386
0.8279438938469555
0.000277744234385738
0.0007549871052900214
0.11205002137780172
0.0020522677290307615
0.015164321379833303
0.022401410923723837
0.022401410923723837
0.4499443662399547
9.037374181492885
0.003031701292261915
24.566130014537045
0.022401410923723837
0.022401410923723837
0.003031701292261915
1.2230755945675902
0.4499443662399547
0.008241018532071369
0.1655252820105933
0.022401410923723837
0.060893348245802455
0.022401410923723837
0.4499443662399547
0.0001509395195087854
0.000410296153077071
0.003031701292261915
0.008241018532071369
0.4499443662399547
0.1655252820105933
0.022401410923723837
0.060893348245802455
0.022401410923723837
0.1655252820105933
1.2230755945675902
3.324664163544823
0.060893348245802455
0.1655252820105933
3.324664163544823
2.0427442624319703e-05
0.003031701292261915
9.037374181492885
0.001115300577196053
0.022401410923723837
0.008241018532071369
0.003031701292261915
0.1655252820105933
9.037374181492885
0.022401410923723837
0.022401410923723837
3.324664163544823
0.008241018532071369
5.5527546087578e-05
0.1655252820105933
5.5527546087578e-05
0.022401410923723837
0.022401410923723837
0.001115300577196053
0.022401410923723837
1.2230755945675902
3.324664163544823
0.008241018532071369
0.000410296153077071
0.022401410923723837
3.324664163544823
0.022401410923723837
0.0001509395195087854
0.060893348245802455
24.566130014537045
5.5527546087578e-05
0.008241018532071369
0.017312767847636187
0.00011665251216484361
0.0023430283402695647
0.0008619519564672194
18.985755285891937
0.04706098224055946
0.017312767847636187
0.04706098224055946
0.0008619519564672194
0.006369011360919314
0.006369011360919314
0.1279250128539466
0.945245096434236
0.04706098224055946
0.945245096434236
18.985755285891937
0.3477362378462729
1.578720077409152e-05
0.04706098224055946
0.017312767847636187
0.945245096434236
0.04706098224055946
0.00011665251216484361
0.006369011360919314
6.984469044791683
0.3477362378462729
0.3477362378462729
0.0008619519564672194
0.3477362378462729
0.006369011360919314
0.945245096434236
0.04706098224055946
0.04706098224055946
0.04706098224055946
0.1279250128539466
0.04706098224055946
0.04706098224055946
0.0023430283402695647
6.984469044791683
0.0023430283402695647
0.0003170944040617921
0.04706098224055946
0.0023430283402695647
2.569442569077202
0.0003170944040617921
0.1279250128539466
0.0023430283402695647
18.985755285891937
0.1279250128539466
0.1279250128539466
0.1279250128539466
0.3477362378462729
0.04706098224055946
18.985755285891937
0.0003170944040617921
0.00011665251216484361
0.04706098224055946
0.0008619519564672194
0.1279250128539466
0.3477362378462729
0.0003170944040617921
0.0003170944040617921
0.0023430283402695647
0.04706098224055946
0.007319398919260772
2.9528562750894025
1.814297600300703e-05
0.0009905729258599134
1.086295116339476
0.3996256403462334
0.05408344922487021
1.814297600300703e-05
4.9317721983142524e-05
0.002692656384128512
0.007319398919260772
0.3996256403462334
1.086295116339476
1.086295116339476
0.3996256403462334
8.026695554626787
0.00013405946748777151
0.01989618907746933
0.3996256403462334
0.05408344922487021
0.00036441141440490544
0.007319398919260772
0.0009905729258599134
0.007319398919260772
0.01989618907746933
6.674427873173115e-06
0.00036441141440490544
0.0009905729258599134
0.05408344922487021
0.00036441141440490544
0.002692656384128512
0.05408344922487021
8.026695554626787
0.007319398919260772
0.0009905729258599134
8.026695554626787
2.9528562750894025
0.0009905729258599134
0.01989618907746933
0.3996256403462334
2.4553847961220237e-06
6.674427873173115e-06
0.0009905729258599134
1.086295116339476
0.01989618907746933
0.01989618907746933
0.01989618907746933
0.05408344922487021
0.01989618907746933
0.002692656384128512
0.3996256403462334
0.05408344922487021
0.01989618907746933
59.30970374217459
0.3996256403462334
0.002692656384128512
0.007319398919260772
1.814297600300703e-05
0.007319398919260772
0.0009905729258599134
0.0009905729258599134
0.05408344922487021
4.9317721983142524e-05
2.9528562750894025
0.4221937624185556
0.021019789714018338
0.007732748493534297
0.057137712417646404
0.007732748493534297
0.007732748493534297
0.007732748493534297
0.007732748493534297
0.000384990877919089
0.0010465137075699542
0.15531640538460695
0.057137712417646404
0.021019789714018338
1.1476416324711152
0.0010465137075699542
0.021019789714018338
0.057137712417646404
0.021019789714018338
0.0028447191945207098
0.007732748493534297
0.057137712417646404
0.0001416302290249774
0.4221937624185556
62.65911003394052
0.0010465137075699542
0.15531640538460695
0.007732748493534297
0.021019789714018338
0.0010465137075699542
0.057137712417646404
0.0001416302290249774
0.4221937624185556
0.15531640538460695
0.021019789714018338
1.9167567159961646e-05
0.007732748493534297
0.007732748493534297
0.021019789714018338
0.0028447191945207098
0.057137712417646404
0.4221937624185556
1.1476416324711152
0.057137712417646404
0.0028447191945207098
0.0028447191945207098
0.007732748493534297
0.057137712417646404
0.0028447191945207098
5.210284950669208e-05
0.007732748493534297
5.210284950669208e-05
0.021019789714018338
0.021019789714018338
0.057137712417646404
23.050998383585956
0.021019789714018338
0.057137712417646404
0.007732748493534297
0.4221937624185556
0.0010465137075699542
0.0010465137075699542
8.479988403797421
0.021019789714018338
0.021019789714018338
0.018555806341801217
4.599524535953919e-05
2.7539258388823438
0.37270333341776823
0.0025112553069514022
0.018555806341801217
2.7539258388823438
0.05043991119132336
0.006826299667507337
0.1371098940204623
6.224779558270732e-06
0.018555806341801217
0.006826299667507337
0.0009238391989601006
20.34891251579629
0.05043991119132336
4.599524535953919e-05
0.018555806341801217
1.0131126986356322
0.0001250280396563506
0.0003398614482457147
1.0131126986356322
0.1371098940204623
0.018555806341801217
0.018555806341801217
0.0009238391989601006
0.1371098940204623
0.0001250280396563506
0.0009238391989601006
0.1371098940204623
0.0025112553069514022
0.0001250280396563506
0.05043991119132336
0.37270333341776823
0.018555806341801217
6.224779558270732e-06
0.37270333341776823
0.0025112553069514022
0.37270333341776823
0.0001250280396563506
55.3140791205919
0.018555806341801217
0.018555806341801217
0.006826299667507337
0.0001250280396563506
0.018555806341801217
4.599524535953919e-05
0.37270333341776823
0.37270333341776823
0.0025112553069514022
2.7539258388823438
0.0003398614482457147
0.1371098940204623
8.424323046040462e-07
0.018555806341801217
0.05043991119132336
0.018555806341801217
0.05043991119132336
1.692070515941065e-05
0.37270333341776823
0.0025112553069514022
0.0025112553069514022
2.7539258388823438
7.4859465647577075
0.0014908196558187916
0.011015750070233532
0.011015750070233532
0.08139599524075483
0.004052467979921788
0.004052467979921788
0.004052467979921788
0.011015750070233532
0.08139599524075483
4.444070760251826
0.0002017605003749456
0.029943913242762268
0.011015750070233532
0.6014395750622297
0.000548441901870019
0.004052467979921788
0.011015750070233532
4.444070760251826
7.422354012840555e-05
0.011015750070233532
0.004052467979921788
0.0014908196558187916
0.004052467979921788
7.422354012840555e-05
0.0014908196558187916
0.0002017605003749456
0.000548441901870019
0.011015750070233532
1.0045063826101855e-05
0.011015750070233532
2.7305314464203965e-05
0.011015750070233532
0.08139599524075483
0.004052467979921788
0.000548441901870019
0.22125725477228278
0.029943913242762268
89.26154734429676
1.839817616531681e-07
0.000548441901870019
0.0014908196558187916
0.22125725477228278
0.011015750070233532
0.0002017605003749456
7.422354012840555e-05
1.0045063826101855e-05
0.011015750070233532
0.22125725477228278
0.029943913242762268
0.029943913242762268
0.004052467979921788
0.0002017605003749456
3.6953724668778206e-06
1.359451558035347e-06
0.000548441901870019
0.004052467979921788
0.004052467979921788
0.004052467979921788
2.7305314464203965e-05
0.029943913242762268
0.011015750070233532
1.0045063826101855e-05
0.004052467979921788
0.000548441901870019
0.028535238813039012
0.003861824626987018
9.57250620004782e-06
0.001420685885678098
0.001420685885678098
0.001420685885678098
1.295497837867703e-06
0.001420685885678098
0.573145592791273
0.001420685885678098
0.028535238813039012
0.00019226892672850337
0.003861824626987018
0.001420685885678098
0.0005226411297034144
0.00019226892672850337
0.001420685885678098
11.511936966371396
0.001420685885678098
0.001420685885678098
0.00019226892672850337
2.602076965640153e-05
0.001420685885678098
0.0775668211362232
2.602076965640153e-05
9.57250620004782e-06
0.0775668211362232
2.602076965640153e-05
0.010497527708234443
0.001420685885678098
1.753265668202449e-07
4.7658702063358234e-07
0.00019226892672850337
7.07317853195148e-05
3.5215282314837584e-06
0.001420685885678098
0.010497527708234443
0.003861824626987018
4.7658702063358234e-07
0.003861824626987018
0.0775668211362232
0.001420685885678098
0.0775668211362232
2.602076965640153e-05
85.06234805187177
0.00019226892672850337
0.001420685885678098
0.003861824626987018
7.07317853195148e-05
7.07317853195148e-05
0.003861824626987018
0.00019226892672850337
0.001420685885678098
0.2108484803859285
0.00019226892672850337
0.2108484803859285
0.010497527708234443
0.001420685885678098
0.2108484803859285
1.5579712499459046
0.001420685885678098
0.001420685885678098
0.2108484803859285
0.001420685885678098
0.00010723105598346032
1.964005299050698e-06
0.00010723105598346032
0.0021537933342681962
0.11759313160476094
1.964005299050698e-06
0.0021537933342681962
3.9448100951419024e-05
0.0007923362882093615
0.0021537933342681962
5.338719915406785e-06
0.0002914842309263148
0.0007923362882093615
5.338719915406785e-06
0.0007923362882093615
1.3233363610926604e-08
0.0021537933342681962
0.005854617282797455
0.04326009554035933
1.4512145333282675e-05
0.8689022462765135
0.015914499772410596
0.04326009554035933
0.0021537933342681962
0.31965127279281474
0.0021537933342681962
0.8689022462765135
0.0007923362882093615
0.015914499772410596
0.0021537933342681962
3.9448100951419024e-05
0.0007923362882093615
0.015914499772410596
0.0021537933342681962
0.0007923362882093615
0.31965127279281474
0.0007923362882093615
0.04326009554035933
0.0007923362882093615
0.0007923362882093615
3.9448100951419024e-05
47.440455206341134
3.9448100951419024e-05
0.0007923362882093615
7.225171718725222e-07
0.0007923362882093615
0.005854617282797455
2.3619211867606924
0.00010723105598346032
1.4512145333282675e-05
0.005854617282797455
0.015914499772410596
3.9448100951419024e-05
0.0007923362882093615
0.0002914842309263148
0.0007923362882093615
0.00010723105598346032
0.0002914842309263148
0.0021537933342681962
47.440455206341134
0.0021537933342681962
1.4512145333282675e-05
0.015914499772410596
0.0021537933342681962
0.0005199789029205329
0.028389886155725002
0.20977446144690662
0.028389886155725002
0.07717171164912828
0.028389886155725002
0.07717171164912828
0.20977446144690662
0.07717171164912828
0.01044405545388898
0.028389886155725002
0.01044405545388898
0.0001912895482273453
4.213432690933651
0.028389886155725002
0.0005199789029205329
0.028389886155725002
0.01044405545388898
0.0014134492029909546
0.07717171164912828
0.5702261066259089
0.0001912895482273453
0.028389886155725002
1.550035263754158
0.07717171164912828
0.0005199789029205329
7.037149210381345e-05
11.45329751920024
0.0038421532839402325
0.0014134492029909546
0.20977446144690662
0.028389886155725002
0.5702261066259089
0.5702261066259089
0.20977446144690662
0.07717171164912828
0.5702261066259089
31.13329052237707
0.0001912895482273453
0.0038421532839402325
1.550035263754158
1.550035263754158
0.028389886155725002
0.07717171164912828
0.0005199789029205329
0.07717171164912828
0.0038421532839402325
0.07717171164912828
0.07717171164912828
0.0014134492029909546
0.028389886155725002
0.0001912895482273453
0.0038421532839402325
0.028389886155725002
0.01044405545388898
1.550035263754158
0.028389886155725002
0.028389886155725002
2.5888225189551458e-05
0.0005199789029205329
0.07717171164912828
0.01044405545388898
11.45329751920024
31.13329052237707
0.023289017081515945
9.395460062827677
0.0031518257230292723
0.0011594918856577857
0.000426553226938608
0.000426553226938608
1.2715372487410666
1.2715372487410666
0.06330611193535711
0.46777241249553686
5.772770178322766e-05
0.46777241249553686
3.45639659746165
0.06330611193535711
0.0031518257230292723
1.2715372487410666
0.06330611193535711
25.539508358797153
1.2715372487410666
0.00856755058938026
0.000426553226938608
9.395460062827677
0.00856755058938026
1.0573197397381339e-06
0.000426553226938608
0.023289017081515945
0.00856755058938026
0.0011594918856577857
0.00015692016275605053
0.1720838537042755
0.0011594918856577857
0.023289017081515945
0.06330611193535711
0.1720838537042755
0.46777241249553686
0.023289017081515945
0.00856755058938026
0.023289017081515945
0.00015692016275605053
3.45639659746165
1.2715372487410666
9.395460062827677
0.00856755058938026
3.45639659746165
0.0031518257230292723
0.1720838537042755
0.46777241249553686
25.539508358797153
0.0011594918856577857
0.1720838537042755
0.46777241249553686
0.023289017081515945
7.812594871431827e-06
0.00015692016275605053
0.00856755058938026
0.00015692016275605053
0.46777241249553686
0.0031518257230292723
0.000426553226938608
0.000426553226938608
0.023289017081515945
0.0011594918856577857
0.023289017081515945
0.00015692016275605053
0.0025645323290316084
0.018949473246735828
0.018949473246735828
0.018949473246735828
0.0025645323290316084
0.0009434387200702454
1.0346061833743359
0.018949473246735828
0.0009434387200702454
0.3806103445722694
0.3806103445722694
0.018949473246735828
0.0069711216285023745
0.14001872086531658
1.0346061833743359
0.018949473246735828
4.697104805702737e-05
2.8123511878778236
0.018949473246735828
0.018949473246735828
0.018949473246735828
2.8123511878778236
0.00012768054639709404
1.727968291045619e-05
7.644763129253499
0.14001872086531658
0.0025645323290316084
0.018949473246735828
0.0025645323290316084
4.697104805702737e-05
2.8123511878778236
0.018949473246735828
0.3806103445722694
0.3806103445722694
0.14001872086531658
0.14001872086531658
0.018949473246735828
0.018949473246735828
0.018949473246735828
0.0003470717091189427
0.018949473246735828
0.05151000878547283
0.0009434387200702454
0.05151000878547283
0.0069711216285023745
20.78062069712349
0.0003470717091189427
0.3806103445722694
0.0003470717091189427
0.0025645323290316084
0.3806103445722694
0.0069711216285023745
0.05151000878547283
0.018949473246735828
0.0003470717091189427
4.697104805702737e-05
4.697104805702737e-05
0.0069711216285023745
0.0009434387200702454
0.14001872086531658
1.0346061833743359
0.0069711216285023745
0.05151000878547283
56.48758362509072
3.3567193868532152
0.02261739731941963
0.45428256896560876
0.001126053906645088
0.0001523948243955072
5.6062922836039274e-05
0.001126053906645088
0.02261739731941963
0.001126053906645088
2.7912085721401677e-06
0.0004142520819055144
7.5872915410877356e-06
0.0030609318722986598
0.008320475486620571
1.2348680522049071
0.02261739731941963
2.062439672335982e-05
0.0030609318722986598
0.45428256896560876
0.0030609318722986598
0.001126053906645088
0.001126053906645088
2.062439672335982e-05
7.5872915410877356e-06
0.001126053906645088
0.0001523948243955072
2.062439672335982e-05
0.0001523948243955072
2.7912085721401677e-06
5.6062922836039274e-05
2.7912085721401677e-06
6.918714323722239e-09
0.001126053906645088
0.001126053906645088
5.6062922836039274e-05
67.42151118542013
2.062439672335982e-05
5.6062922836039274e-05
0.008320475486620571
0.06148046014041669
1.2348680522049071
0.06148046014041669
0.45428256896560876
1.0268282497118644e-06
7.5872915410877356e-06
0.0004142520819055144
0.008320475486620571
0.0004142520819055144
24.8029878578265
0.0030609318722986598
0.06148046014041669
5.6062922836039274e-05
0.06148046014041669
0.02261739731941963
0.008320475486620571
0.001126053906645088
0.001126053906645088
0.02261739731941963
0.06148046014041669
0.06148046014041669
5.6062922836039274e-05
5.6062922836039274e-05
0.02261739731941963
0.02261739731941963
0.03598294329857301
4.4406479829389946e-06
0.03598294329857301
0.004869761822999353
0.03598294329857301
1.9646021368496112
0.0006590505956104607
0.03598294329857301
0.03598294329857301
0.7227367362284565
0.03598294329857301
8.91927990242e-05
0.03598294329857301
0.00024245116481688253
0.7227367362284565
8.91927990242e-05
0.013237385072382734
0.013237385072382734
0.004869761822999353
3.281219706153947e-05
0.03598294329857301
0.03598294329857301
0.03598294329857301
1.9646021368496112
0.7227367362284565
0.03598294329857301
1.9646021368496112
0.0006590505956104607
0.03598294329857301
0.26587998663779666
0.00024245116481688253
0.004869761822999353
0.013237385072382734
0.001791485258083026
39.46008875906625
0.03598294329857301
1.6336230984026897e-06
0.03598294329857301
0.7227367362284565
0.013237385072382734
0.013237385072382734
0.013237385072382734
0.7227367362284565
39.46008875906625
5.340342288750109
4.4406479829389946e-06
0.7227367362284565
0.09781178090298318
0.26587998663779666
0.0006590505956104607
0.26587998663779666
0.7227367362284565
0.03598294329857301
0.0006590505956104607
0.013237385072382734
0.013237385072382734
0.09781178090298318
0.03598294329857301
0.7227367362284565
0.03598294329857301
1.9646021368496112
0.09781178090298318
0.26587998663779666
0.004869761822999353
0.0015269305253852023
0.004150627500474018
0.000561726348386325
0.0015269305253852023
0.030669219446766822
0.004150627500474018
0.004150627500474018
0.000561726348386325
0.030669219446766822
0.030669219446766822
7.602139446033146e-05
0.000561726348386325
1.674482644754
7.602139446033146e-05
0.030669219446766822
0.6160077396033803
0.0015269305253852023
1.0288376951331218e-05
4.551715745304841
0.004150627500474018
0.030669219446766822
0.004150627500474018
0.004150627500474018
1.0288376951331218e-05
0.004150627500474018
0.000561726348386325
7.602139446033146e-05
0.6160077396033803
0.004150627500474018
3.784882363416876e-06
0.004150627500474018
0.004150627500474018
91.42365466617505
0.00020664757513563618
7.602139446033146e-05
0.22661658300257487
0.004150627500474018
0.01128257531124091
0.22661658300257487
0.01128257531124091
0.000561726348386325
0.004150627500474018
0.01128257531124091
0.004150627500474018
0.000561726348386325
1.0288376951331218e-05
0.08336758191516902
0.030669219446766822
0.22661658300257487
0.000561726348386325
0.004150627500474018
0.0015269305253852023
0.0015269305253852023
0.030669219446766822
7.602139446033146e-05
0.01128257531124091
0.004150627500474018
7.602139446033146e-05
0.0015269305253852023
0.01128257531124091
0.000561726348386325
0.0015269305253852023
0.0015269305253852023
0.004150627500474018
25.848201582477557
0.023570508865078995
0.023570508865078995
0.4734263261078664
0.0011735065363310312
1.070099446940613e-06
0.0004317089287964945
0.0011735065363310312
3.9366758653838217e-07
0.0031899214932865566
5.842545015444826e-05
0.00015881683947437643
0.008671105629411788
0.023570508865078995
0.0004317089287964945
0.023570508865078995
0.4734263261078664
0.06407128593547706
0.023570508865078995
0.0031899214932865566
1.070099446940613e-06
1.2869061793731393
0.023570508865078995
0.023570508865078995
0.06407128593547706
1.2869061793731393
0.023570508865078995
0.023570508865078995
3.4981736823216614
0.023570508865078995
0.023570508865078995
0.1741638122844109
0.008671105629411788
0.008671105629411788
0.4734263261078664
0.023570508865078995
0.0011735065363310312
0.0011735065363310312
1.2869061793731393
0.06407128593547706
0.06407128593547706
0.0011735065363310312
0.023570508865078995
0.023570508865078995
0.023570508865078995
0.1741638122844109
0.008671105629411788
0.0004317089287964945
1.2869061793731393
0.0011735065363310312
0.4734263261078664
0.0004317089287964945
9.509021953448636
25.848201582477557
0.023570508865078995
0.008671105629411788
5.842545015444826e-05
0.023570508865078995
1.2869061793731393
5.842545015444826e-05
0.023570508865078995
0.023570508865078995
0.008671105629411788
25.848201582477557
2.4486729989780506e-05
0.0004918291193378631
0.02685296004827785
0.19841802821906857
0.009878651936359523
0.0001809338215738557
0.0013369301578031285
0.0004918291193378631
0.0001809338215738557
6.65618331696035e-05
6.65618331696035e-05
0.0036341529538751285
0.5393561205465681
0.0004918291193378631
0.0036341529538751285
9.00816454475645e-06
0.0001809338215738557
3.985332632020194
0.0036341529538751285
3.985332632020194
9.00816454475645e-06
2.4486729989780506e-05
0.0004918291193378631
0.0001809338215738557
0.0001809338215738557
0.07299391333957041
2.4486729989780506e-05
0.02685296004827785
4.4849010405875737e-07
4.4849010405875737e-07
0.0001809338215738557
0.0001809338215738557
0.0013369301578031285
0.0001809338215738557
1.6499028885205766e-07
6.65618331696035e-05
0.07299391333957041
0.0001809338215738557
2.4486729989780506e-05
0.0004918291193378631
0.0001809338215738557
1.2191225001066264e-06
0.07299391333957041
2.4486729989780506e-05
0.0004918291193378631
0.0004918291193378631
0.02685296004827785
0.0013369301578031285
0.02685296004827785
0.02685296004827785
0.0004918291193378631
0.0004918291193378631
0.0004918291193378631
0.0001809338215738557
0.0036341529538751285
0.0001809338215738557
80.0475457316263
0.009878651936359523
0.0004918291193378631
10.833257273985353
4.4849010405875737e-07
6.65618331696035e-05
0.0013369301578031285
0.009878651936359523
0.11618545146001391
6.343510710482436
0.0007828514140023908
0.0157239909813147
0.04274223895536165
0.04274223895536165
0.0157239909813147
0.04274223895536165
0.8585008187176267
2.3336471752373376
0.0157239909813147
0.04274223895536165
0.00010594741784619632
0.3158248014350663
5.274811335707225e-06
0.04274223895536165
0.04274223895536165
46.87255650392215
0.0157239909813147
0.002128010773066168
0.8585008187176267
2.3336471752373376
0.8585008187176267
0.0157239909813147
0.000287994940703473
0.000287994940703473
0.04274223895536165
0.0157239909813147
0.04274223895536165
0.00578453301519085
0.04274223895536165
0.04274223895536165
0.3158248014350663
0.3158248014350663
0.11618545146001391
0.11618545146001391
0.002128010773066168
0.04274223895536165
0.3158248014350663
0.04274223895536165
0.0157239909813147
17.243449892939736
0.0157239909813147
0.0157239909813147
2.3336471752373376
0.3158248014350663
0.0007828514140023908
2.3336471752373376
0.8585008187176267
0.11618545146001391
0.0157239909813147
0.00578453301519085
1.940494646464763e-06
0.0007828514140023908
0.04274223895536165
6.343510710482436
6.343510710482436
0.0157239909813147
0.11618545146001391
0.0007828514140023908
0.8585008187176267
0.002128010773066168
0.3158248014350663
0.00010594741784619632
0.0014854185992148757
0.0005464549641848352
0.22045566689920382
0.22045566689920382
0.0014854185992148757
1.8331521831581782e-07
0.010975841359993702
0.004037786385900886
0.004037786385900886
7.395463735400771e-05
0.00020102954684967769
0.08110110754195674
2.7206390661829028e-05
0.0014854185992148757
2.7206390661829028e-05
0.004037786385900886
0.599260633312926
0.004037786385900886
0.004037786385900886
0.02983543012092009
0.0014854185992148757
0.599260633312926
0.599260633312926
0.0014854185992148757
0.010975841359993702
1.6289592900453855
0.00020102954684967769
88.93816371578211
0.004037786385900886
0.010975841359993702
0.599260633312926
0.08110110754195674
0.0014854185992148757
1.6289592900453855
0.00020102954684967769
0.00020102954684967769
0.010975841359993702
0.0014854185992148757
0.0014854185992148757
4.983024268278903e-07
7.395463735400771e-05
0.004037786385900886
0.004037786385900886
1.3545264319232972e-06
4.983024268278903e-07
0.010975841359993702
0.0014854185992148757
0.004037786385900886
0.010975841359993702
4.42797043742992
2.7206390661829028e-05
0.0014854185992148757
0.0014854185992148757
1.8331521831581782e-07
2.7206390661829028e-05
0.0014854185992148757
0.00020102954684967769
0.0014854185992148757
3.681984586064566e-06
7.395463735400771e-05
0.22045566689920382
7.395463735400771e-05
0.0014854185992148757
0.0005464549641848352
0.0014419140348131312
0.0005304505293443144
0.0014419140348131312
0.028961617586301655
0.003919528719032598
0.003919528719032598
0.003919528719032598
0.028961617586301655
7.178867263182391e-05
0.5817096393849033
0.5817096393849033
0.0014419140348131312
0.028961617586301655
0.0005304505293443144
0.003919528719032598
0.0014419140348131312
4.837082713279271e-07
0.003919528719032598
0.003919528719032598
0.0014419140348131312
0.07872583880762371
2.6409576770234997e-05
0.028961617586301655
0.0014419140348131312
0.01065438369306967
0.0005304505293443144
0.01065438369306967
3.574147552358821e-06
0.0014419140348131312
0.003919528719032598
0.0005304505293443144
9.715540343808356e-06
0.01065438369306967
0.0005304505293443144
7.178867263182391e-05
0.00019514184430428216
0.028961617586301655
0.003919528719032598
0.028961617586301655
0.028961617586301655
0.0005304505293443144
0.07872583880762371
1.3148554042260414e-06
0.028961617586301655
0.0014419140348131312
0.028961617586301655
2.6409576770234997e-05
0.01065438369306967
0.003919528719032598
4.837082713279271e-07
0.003919528719032598
0.21399901706095942
0.028961617586301655
0.003919528719032598
0.0014419140348131312
0.01065438369306967
7.178867263182391e-05
0.028961617586301655
0.0014419140348131312
86.33336526153411
0.003919528719032598
0.00019514184430428216
0.01065438369306967
11.683950440439657
0.0005154272399047977
11.353040469474662
9.440379199513235e-06
0.028141373775491575
6.975549150038131e-05
8.608511540032098e-09
0.07649618496179265
0.0014010765001260124
0.0014010765001260124
1.2776163928271508e-06
0.00018961508498071593
0.0005154272399047977
0.0014010765001260124
2.566161123179957e-05
0.028141373775491575
4.700088046247261e-07
0.0038085207905735365
0.07649618496179265
0.20793818952808307
1.2776163928271508e-06
0.0038085207905735365
0.010352632858324521
0.0014010765001260124
0.00018961508498071593
0.07649618496179265
0.07649618496179265
6.975549150038131e-05
0.0014010765001260124
0.20793818952808307
2.566161123179957e-05
0.0038085207905735365
2.3400360489349244e-08
0.5652346020368612
0.07649618496179265
1.7290657639100187e-07
0.0038085207905735365
4.700088046247261e-07
1.2776163928271508e-06
0.010352632858324521
0.0014010765001260124
0.0014010765001260124
0.010352632858324521
0.028141373775491575
6.975549150038131e-05
0.07649618496179265
83.88825292237824
2.566161123179957e-05
6.975549150038131e-05
0.0014010765001260124
0.010352632858324521
0.028141373775491575
1.5364669475330794
3.4729214243634365e-06
6.975549150038131e-05
6.975549150038131e-05
0.0014010765001260124
6.975549150038131e-05
0.0038085207905735365
1.5364669475330794
0.028141373775491575
0.028141373775491575
0.00018961508498071593
0.00018961508498071593
0.0014010765001260124
0.048038251615935446
0.1305815064385407
0.006501270388634292
19.380013890917272
0.01767228515932347
0.1305815064385407
0.1305815064385407
0.006501270388634292
0.0008798512694436248
0.048038251615935446
0.354957336084693
0.048038251615935446
0.048038251615935446
0.002391683717475229
0.9648740765572511
0.006501270388634292
0.048038251615935446
0.002391683717475229
0.048038251615935446
0.01767228515932347
0.006501270388634292
0.002391683717475229
0.00032367919331690486
0.00032367919331690486
0.9648740765572511
0.00011907492075624621
0.00011907492075624621
19.380013890917272
0.01767228515932347
0.048038251615935446
7.129508680085435
4.3805215305341635e-05
0.1305815064385407
4.3805215305341635e-05
7.129508680085435
0.048038251615935446
0.048038251615935446
0.00032367919331690486
0.00011907492075624621
0.01767228515932347
0.048038251615935446
0.048038251615935446
19.380013890917272
0.01767228515932347
0.354957336084693
0.354957336084693
0.01767228515932347
0.002391683717475229
0.002391683717475229
0.01767228515932347
0.354957336084693
0.048038251615935446
19.380013890917272
0.048038251615935446
0.01767228515932347
0.048038251615935446
0.354957336084693
2.622799669056777
0.006501270388634292
0.01767228515932347
0.1305815064385407
0.006501270388634292
0.0008798512694436248
0.354957336084693
0.009770933532502878
0.026560151068483723
0.07219797601058639
0.0004864661358005751
0.0013223520571073936
0.026560151068483723
0.07219797601058639
0.0013223520571073936
0.0004864661358005751
0.0013223520571073936
0.0013223520571073936
0.5334748949714722
0.0013223520571073936
0.009770933532502878
6.583603227359134e-05
0.07219797601058639
0.0013223520571073936
0.026560151068483723
0.0035945255676604654
0.0013223520571073936
0.0013223520571073936
3.941875926315344
0.0013223520571073936
0.009770933532502878
8.909938074921257e-06
0.0013223520571073936
3.941875926315344
1.099573712250479e-09
0.0013223520571073936
0.07219797601058639
1.6319120830124114e-07
0.0004864661358005751
1.2058289929901477e-06
6.583603227359134e-05
0.07219797601058639
8.909938074921257e-06
0.0035945255676604654
3.2777830398741886e-06
2.4219722761753814e-05
0.07219797601058639
0.026560151068483723
0.0035945255676604654
0.5334748949714722
0.0004864661358005751
0.07219797601058639
0.19625444624109906
0.009770933532502878
10.715129700543168
0.0035945255676604654
0.0013223520571073936
0.0013223520571073936
0.0013223520571073936
2.208552839717353e-08
6.583603227359134e-05
0.0035945255676604654
0.009770933532502878
79.17469446463143
0.026560151068483723
0.0035945255676604654
0.0013223520571073936
0.009770933532502878
0.026560151068483723
0.19625444624109906
4.435996960895386e-07
0.030829790321595486
0.0015349248785081846
0.22780305020453825
0.004172358405298506
1.6832495174688484
0.004172358405298506
0.004172358405298506
0.22780305020453825
0.004172358405298506
0.0002077294931798285
2.8113129796090095e-05
0.004172358405298506
0.004172358405298506
0.004172358405298506
0.22780305020453825
0.000564667306545735
0.011341646034941288
0.004172358405298506
1.6832495174688484
0.030829790321595486
4.575546576098026
7.641940986582223e-05
1.0342242478965846e-05
7.641940986582223e-05
0.0002077294931798285
7.641940986582223e-05
5.149099333772994e-07
0.004172358405298506
0.004172358405298506
0.0002077294931798285
0.004172358405298506
0.000564667306545735
0.004172358405298506
0.004172358405298506
7.641940986582223e-05
12.437625113075269
0.030829790321595486
0.22780305020453825
0.000564667306545735
0.004172358405298506
2.8113129796090095e-05
0.004172358405298506
0.0015349248785081846
3.804698383621508e-06
7.641940986582223e-05
5.149099333772994e-07
4.575546576098026
1.6832495174688484
0.004172358405298506
33.80897033405838
0.0002077294931798285
2.8113129796090095e-05
0.0002077294931798285
7.641940986582223e-05
0.030829790321595486
0.004172358405298506
0.004172358405298506
0.030829790321595486
0.0015349248785081846
4.575546576098026
0.004172358405298506
5.149099333772994e-07
33.80897033405838
0.004172358405298506
0.0034809206590279726
0.02572071802548434
0.19005182839508056
0.19005182839508056
0.0012805591468053393
0.009462123373743423
0.0012805591468053393
0.0699161604235931
0.19005182839508056
0.0034809206590279726
0.009462123373743423
2.3454258908552136e-05
0.00017330483483413568
0.5166144315917642
0.0034809206590279726
0.02572071802548434
0.00017330483483413568
0.009462123373743423
0.009462123373743423
0.00047109138331372726
0.19005182839508056
0.02572071802548434
0.02572071802548434
0.02572071802548434
0.009462123373743423
0.009462123373743423
0.009462123373743423
3.8172930165487173
0.0034809206590279726
0.00047109138331372726
3.8172930165487173
0.0699161604235931
0.19005182839508056
10.376478240787991
0.5166144315917642
0.00017330483483413568
8.628339660368483e-06
0.0012805591468053393
76.6723798305157
0.0034809206590279726
0.0699161604235931
0.009462123373743423
0.009462123373743423
6.375528579109094e-05
0.009462123373743423
0.5166144315917642
6.375528579109094e-05
6.375528579109094e-05
0.0699161604235931
0.00047109138331372726
0.0699161604235931
0.19005182839508056
1.4043036217155915
6.375528579109094e-05
0.02572071802548434
0.0034809206590279726
0.009462123373743423
0.009462123373743423
8.628339660368483e-06
0.00017330483483413568
0.5166144315917642
0.02572071802548434
0.009462123373743423
0.02572071802548434
2.002159455855671e-05
0.008077287736559245
1.1987757899632578
1.1987757899632578
0.0029714680987063587
5.44243366652992e-05
2.002159455855671e-05
0.0029714680987063587
0.0010931420236108636
0.44100496770153763
0.021956344477524082
0.05968353221264083
0.021956344477524082
65.45094043651495
9.968164971205156e-07
0.021956344477524082
0.44100496770153763
0.05968353221264083
0.0004021444767669841
0.0029714680987063587
3.258610446253761
0.00014794068538322015
0.05968353221264083
0.0004021444767669841
0.0029714680987063587
0.05968353221264083
0.0010931420236108636
0.0010931420236108636
2.002159455855671e-05
2.002159455855671e-05
0.00014794068538322015
0.16223666107187162
0.05968353221264083
0.0029714680987063587
0.16223666107187162
0.0004021444767669841
0.0029714680987063587
0.16223666107187162
0.0010931420236108636
0.008077287736559245
7.365533017563032e-06
3.258610446253761
0.0004021444767669841
0.00014794068538322015
0.008077287736559245
3.258610446253761
0.0004021444767669841
8.857821562078417
0.0004021444767669841
2.002159455855671e-05
8.857821562078417
0.008077287736559245
0.44100496770153763
5.44243366652992e-05
0.16223666107187162
0.44100496770153763
1.1987757899632578
2.002159455855671e-05
5.44243366652992e-05
0.16223666107187162
0.44100496770153763
5.44243366652992e-05
0.021956344477524082
0.0010931420236108636
0.0055975182939000945
0.0055975182939000945
0.041360376688418375
0.3056141436236269
0.0007575417237270902
6.138424166000737
0.0007575417237270902
0.00010252212374415756
1.8777581966041103e-06
0.0020592119019068916
0.00027868402598877316
3.771578159071014e-05
0.015215632262775702
0.00027868402598877316
2.541269373872883e-07
0.00027868402598877316
0.0007575417237270902
0.00027868402598877316
0.0007575417237270902
0.015215632262775702
0.041360376688418375
0.0007575417237270902
0.015215632262775702
0.015215632262775702
0.0007575417237270902
0.00010252212374415756
1.8777581966041103e-06
5.1042759840689795e-06
45.357160521611036
3.771578159071014e-05
1.8777581966041103e-06
0.00010252212374415756
1.3874860654934618e-05
0.00027868402598877316
0.00027868402598877316
3.771578159071014e-05
0.11242916037034878
0.015215632262775702
0.0007575417237270902
0.0020592119019068916
1.3874860654934618e-05
0.00027868402598877316
0.0020592119019068916
0.0007575417237270902
0.041360376688418375
1.3874860654934618e-05
1.8777581966041103e-06
6.907886360218154e-07
0.11242916037034878
0.0020592119019068916
0.0007575417237270902
0.0055975182939000945
5.1042759840689795e-06
0.00027868402598877316
0.0020592119019068916
0.0020592119019068916
0.00010252212374415756
0.0055975182939000945
0.0007575417237270902
2.258200051861628
0.0007575417237270902
0.00010252212374415756
45.357160521611036
0.11242916037034878
0.0005738477810549937
2.857019870813199e-05
0.0002111068010119833
0.0002111068010119833
0.0002111068010119833
0.001559879995543334
0.23150671795949934
0.03133102724622745
0.001559879995543334
0.0005738477810549937
2.857019870813199e-05
0.08516656203037533
7.766185198377928e-05
0.01152604079466939
0.03133102724622745
0.001559879995543334
0.23150671795949934
0.001559879995543334
0.03133102724622745
0.004240193446462221
0.001559879995543334
0.03133102724622745
0.03133102724622745
0.08516656203037533
0.001559879995543334
3.866555934291349e-06
93.39647591186373
0.0002111068010119833
0.004240193446462221
0.03133102724622745
0.0005738477810549937
0.001559879995543334
0.004240193446462221
0.001559879995543334
0.01152604079466939
0.01152604079466939
0.23150671795949934
0.001559879995543334
0.001559879995543334
0.001559879995543334
3.866555934291349e-06
0.001559879995543334
0.0005738477810549937
0.08516656203037533
1.4224264363652257e-06
0.0005738477810549937
0.03133102724622745
0.03133102724622745
0.01152604079466939
4.649936731541518
7.766185198377928e-05
0.001559879995543334
2.857019870813199e-05
0.6293005045955004
0.0002111068010119833
0.001559879995543334
0.001559879995543334
0.001559879995543334
0.004240193446462221
1.4224264363652257e-06
7.766185198377928e-05
0.03133102724622745
1.0510388734904661e-05
1.9250448464873345e-07
8.578244106194754e-05
0.25571385283154885
0.034607106700483156
0.034607106700483156
0.0017229863873109172
8.578244106194754e-05
0.09407186927946662
1.8894840038460106
0.034607106700483156
4.270856257913442e-06
0.034607106700483156
0.004683562587309565
0.0006338512693099426
0.6951023194372498
5.136150032818652
1.1609390957846707e-05
37.95130072502151
0.034607106700483156
0.0017229863873109172
0.034607106700483156
1.8894840038460106
0.0006338512693099426
0.25571385283154885
0.25571385283154885
1.8894840038460106
0.034607106700483156
0.0017229863873109172
0.012731243073534224
0.09407186927946662
0.012731243073534224
0.034607106700483156
2.8776803106533263e-08
0.25571385283154885
0.034607106700483156
0.00023318085073955106
0.25571385283154885
0.0017229863873109172
1.8894840038460106
0.012731243073534224
0.00023318085073955106
0.034607106700483156
1.8894840038460106
0.034607106700483156
0.034607106700483156
0.012731243073534224
0.25571385283154885
0.00023318085073955106
0.09407186927946662
0.6951023194372498
0.25571385283154885
0.012731243073534224
0.034607106700483156
0.004683562587309565
0.004683562587309565
0.09407186927946662
0.012731243073534224
0.034607106700483156
0.0017229863873109172
37.95130072502151
0.034607106700483156
0.09407186927946662
0.012731243073534224
0.09407186927946662
5.136150032818652
4.508126472569588
7.529337946944287e-05
7.529337946944287e-05
0.0041108792287751035
0.0041108792287751035
0.0015123079534050752
7.529337946944287e-05
0.0015123079534050752
0.0015123079534050752
0.0005563470047777867
0.0825692165363276
7.529337946944287e-05
0.0041108792287751035
0.030375517237348014
0.0005563470047777867
0.22444640090079943
1.6584470474590858
0.0015123079534050752
7.529337946944287e-05
0.00020466862521505792
0.0111745283065691
1.018985083633881e-05
1.8663362824844763e-07
0.0825692165363276
0.0825692165363276
0.030375517237348014
0.0111745283065691
0.0041108792287751035
0.0015123079534050752
0.6101085730316769
0.22444640090079943
0.22444640090079943
0.0005563470047777867
0.030375517237348014
0.0015123079534050752
0.0015123079534050752
0.0015123079534050752
0.0111745283065691
0.6101085730316769
0.0015123079534050752
0.0005563470047777867
0.0111745283065691
0.0041108792287751035
90.54814071919624
0.0015123079534050752
0.0825692165363276
7.529337946944287e-05
0.0015123079534050752
0.0111745283065691
0.0005563470047777867
0.0015123079534050752
0.22444640090079943
0.030375517237348014
0.0015123079534050752
3.748636631292676e-06
0.0005563470047777867
1.3790463490747476e-06
0.0005563470047777867
0.0015123079534050752
5.07322800247136e-07
0.00020466862521505792
0.0015123079534050752
0.6101085730316769
0.0015123079534050752
0.10667943582157566
0.014437491662434989
0.014437491662434989
0.039245171234526
0.014437491662434989
2.142713747139087
0.2899847718640521
0.0007188003844581164
0.00026443188374826974
0.0019539020233618736
0.7882603358878946
2.142713747139087
0.10667943582157566
0.0019539020233618736
0.2899847718640521
0.2899847718640521
0.2899847718640521
0.00026443188374826974
0.005311256364693941
0.005311256364693941
15.832632081560618
0.039245171234526
0.005311256364693941
0.005311256364693941
0.7882603358878946
0.014437491662434989
9.727905362122529e-05
0.2899847718640521
0.014437491662434989
0.00026443188374826974
0.10667943582157566
0.005311256364693941
0.014437491662434989
0.039245171234526
0.014437491662434989
0.00026443188374826974
0.014437491662434989
0.0019539020233618736
0.014437491662434989
0.00026443188374826974
15.832632081560618
0.014437491662434989
0.014437491662434989
15.832632081560618
0.014437491662434989
5.82449984243757
0.0007188003844581164
0.014437491662434989
0.014437491662434989
15.832632081560618
0.10667943582157566
0.0019539020233618736
0.005311256364693941
0.014437491662434989
0.014437491662434989
0.10667943582157566
15.832632081560618
5.82449984243757
0.014437491662434989
0.10667943582157566
0.039245171234526
0.7882603358878946
0.0007188003844581164
0.0019539020233618736
0.018271423741870737
0.13500857503601624
0.049666879137602385
54.46634653795343
1.6661381795216538e-05
0.049666879137602385
1.6661381795216538e-05
0.0009096806230147307
0.13500857503601624
0.018271423741870737
0.13500857503601624
0.0003346527992391486
0.0009096806230147307
0.018271423741870737
0.00012311188477055686
0.0024727683072422457
0.36699135620655243
0.049666879137602385
0.0009096806230147307
0.049666879137602385
0.0024727683072422457
4.5290331370955464e-05
0.018271423741870737
0.018271423741870737
0.00672168115556603
6.129379823968304e-06
0.049666879137602385
0.13500857503601624
0.9975859347778121
2.254872824368973e-06
0.0024727683072422457
0.00672168115556603
0.00672168115556603
0.0024727683072422457
0.0024727683072422457
2.711719718832857
0.0009096806230147307
2.711719718832857
0.0003346527992391486
0.018271423741870737
4.5290331370955464e-05
20.03704912703243
0.00012311188477055686
0.018271423741870737
0.018271423741870737
0.0009096806230147307
0.0003346527992391486
0.0009096806230147307
0.0024727683072422457
0.36699135620655243
7.3712184355774255
0.9975859347778121
7.3712184355774255
0.018271423741870737
0.36699135620655243
0.0003346527992391486
4.5290331370955464e-05
0.13500857503601624
0.9975859347778121
0.018271423741870737
0.049666879137602385
0.018271423741870737
0.0024727683072422457
0.018271423741870737
0.010061133420590203
0.003701284140318046
0.003701284140318046
0.001361626341156925
2.4939056366018613e-05
0.20208326680838198
0.001361626341156925
0.001361626341156925
0.003701284140318046
0.0005009143374691253
0.003701284140318046
0.001361626341156925
0.001361626341156925
0.001361626341156925
9.174566119274029e-06
0.010061133420590203
0.001361626341156925
0.001361626341156925
1.4932045951023047
0.02734899615089235
0.001361626341156925
0.003701284140318046
0.003701284140318046
4.058950917038142
6.779138373866427e-05
0.001361626341156925
11.033372520391957
1.2416425043249813e-06
0.010061133420590203
0.07434227926356704
0.001361626341156925
0.07434227926356704
3.3751342569489774e-06
0.001361626341156925
0.003701284140318046
1.2416425043249813e-06
0.0001842760865429051
6.779138373866427e-05
6.779138373866427e-05
0.0005009143374691253
0.001361626341156925
0.0001842760865429051
0.20208326680838198
6.779138373866427e-05
81.52620851357602
0.0005009143374691253
0.001361626341156925
0.0005009143374691253
4.567747506257843e-07
0.0001842760865429051
0.0001842760865429051
0.07434227926356704
6.779138373866427e-05
0.0005009143374691253
0.02734899615089235
2.4939056366018613e-05
0.5493192720008656
0.0001842760865429051
0.001361626341156925
2.4939056366018613e-05
9.174566119274029e-06
0.02734899615089235
0.5493192720008656
3.3751342569489774e-06
0.007213279242872677
0.007213279242872677
0.05329932498283822
0.002653617136881565
0.007213279242872677
1.787993162417291e-05
2.910044542078314
0.14488258656998235
0.007213279242872677
0.000976211189398953
0.007213279242872677
0.007213279242872677
0.019607725889501618
0.0003591280268213958
0.14488258656998235
0.0003591280268213958
0.007213279242872677
0.007213279242872677
0.05329932498283822
0.05329932498283822
0.00013211581781605783
0.14488258656998235
0.0003591280268213958
1.787993162417291e-05
0.000976211189398953
21.502482371803616
2.910044542078314
0.019607725889501618
0.0003591280268213958
7.910321198737903
0.14488258656998235
0.0003591280268213958
0.000976211189398953
2.910044542078314
0.007213279242872677
0.000976211189398953
0.00013211581781605783
0.002653617136881565
0.14488258656998235
0.05329932498283822
0.05329932498283822
0.007213279242872677
0.019607725889501618
0.002653617136881565
0.002653617136881565
58.449807098034725
0.0003591280268213958
4.8602693228079446e-05
0.05329932498283822
1.0705455599237759
0.05329932498283822
0.007213279242872677
0.019607725889501618
0.007213279242872677
0.019607725889501618
0.002653617136881565
0.14488258656998235
0.3938317023333275
0.3938317023333275
0.019607725889501618
0.002653617136881565
0.05329932498283822
0.019607725889501618
0.007213279242872677
0.8711551634778216
0.11789803079230862
0.32048007471383744
0.015955763390315972
0.0007943906827751218
0.015955763390315972
0.00010750908805389724
0.005869797319493197
0.005869797319493197
0.32048007471383744
0.32048007471383744
0.00010750908805389724
0.005869797319493197
5.352562317106087e-06
1.454977288228412e-05
0.32048007471383744
0.0021593777576847874
0.005869797319493197
0.0007943906827751218
0.11789803079230862
0.0021593777576847874
0.0021593777576847874
0.005869797319493197
0.0002922400004511123
0.0007943906827751218
0.11789803079230862
0.00010750908805389724
0.8711551634778216
0.04337226168308799
47.5634603177104
0.005869797319493197
0.32048007471383744
1.454977288228412e-05
0.04337226168308799
0.04337226168308799
0.0007943906827751218
0.00010750908805389724
0.32048007471383744
0.015955763390315972
0.0007943906827751218
0.04337226168308799
0.005869797319493197
0.0021593777576847874
0.04337226168308799
0.32048007471383744
0.005869797319493197
0.005869797319493197
0.0021593777576847874
0.005869797319493197
0.005869797319493197
0.0007943906827751218
1.454977288228412e-05
0.0002922400004511123
5.352562317106087e-06
0.0021593777576847874
0.11789803079230862
3.955038323411911e-05
0.005869797319493197
0.0021593777576847874
3.955038323411911e-05
47.5634603177104
0.0002922400004511123
0.015955763390315972
0.04337226168308799
