0.2908148643504389
0.039357512036283744
2.1488473470883
0.79051676120958
0.2908148643504389
0.039357512036283744
0.2908148643504389
0.2908148643504389
0.10698480978158825
2.1488473470883
0.2908148643504389
0.2908148643504389
0.2908148643504389
0.2908148643504389
0.2908148643504389
0.2908148643504389
0.79051676120958
0.2908148643504389
0.2908148643504389
0.2908148643504389
0.014478819533806378
5.841172695722554
2.1488473470883
0.79051676120958
0.2908148643504389
43.16075273223591
2.1488473470883
0.2908148643504389
0.79051676120958
0.10698480978158825
0.79051676120958
0.79051676120958
0.039357512036283744
0.79051676120958
0.2908148643504389
0.014478819533806378
0.2908148643504389
0.039357512036283744
2.1488473470883
0.10698480978158825
0.2908148643504389
0.2908148643504389
0.2908148643504389
2.1488473470883
0.2908148643504389
2.1488473470883
0.2908148643504389
0.2908148643504389
0.2908148643504389
0.79051676120958
0.039357512036283744
0.2908148643504389
0.10698480978158825
0.79051676120958
0.2908148643504389
0.79051676120958
15.87795359567375
0.79051676120958
2.1488473470883
0.039357512036283744
0.2908148643504389
0.2908148643504389
0.2908148643504389
0.10698480978158825
0.018650986942861072
0.002524136600554468
0.018650986942861072
0.3746150868947271
1.018309383372543
0.05069863888960617
0.006861314653835598
0.0003416047417639396
0.05069863888960617
0.3746150868947271
0.05069863888960617
0.3746150868947271
0.05069863888960617
0.0009285779620523617
0.05069863888960617
0.006861314653835598
7.524345159807197
0.002524136600554468
0.05069863888960617
0.00012566936150163298
0.00012566936150163298
0.05069863888960617
0.006861314653835598
0.006861314653835598
0.018650986942861072
0.002524136600554468
7.524345159807197
0.3746150868947271
0.3746150868947271
0.0009285779620523617
0.1378131888212235
0.05069863888960617
0.05069863888960617
0.3746150868947271
0.006861314653835598
0.1378131888212235
0.05069863888960617
0.00012566936150163298
0.05069863888960617
0.006861314653835598
0.006861314653835598
0.018650986942861072
0.006861314653835598
0.1378131888212235
0.1378131888212235
0.1378131888212235
0.05069863888960617
0.05069863888960617
0.018650986942861072
7.524345159807197
0.05069863888960617
0.018650986942861072
0.05069863888960617
55.59780849353268
0.3746150868947271
0.3746150868947271
1.018309383372543
7.524345159807197
7.524345159807197
0.0003416047417639396
0.018650986942861072
0.05069863888960617
4.6231174481592706e-05
0.05069863888960617
0.5137021597011053
0.06952202728240874
1.396387245955681
0.18898046343940567
0.18898046343940567
0.18898046343940567
1.396387245955681
0.5137021597011053
1.396387245955681
0.025575724545758294
0.5137021597011053
3.7957740761732994
0.5137021597011053
1.396387245955681
0.5137021597011053
1.396387245955681
0.5137021597011053
0.06952202728240874
0.18898046343940567
0.5137021597011053
1.396387245955681
1.396387245955681
28.04718758771117
1.396387245955681
0.5137021597011053
3.7957740761732994
3.7957740761732994
1.396387245955681
0.18898046343940567
0.06952202728240874
3.7957740761732994
0.18898046343940567
0.5137021597011053
1.396387245955681
0.025575724545758294
1.396387245955681
0.5137021597011053
0.18898046343940567
1.396387245955681
0.18898046343940567
1.396387245955681
1.396387245955681
1.396387245955681
0.025575724545758294
0.5137021597011053
0.5137021597011053
1.396387245955681
0.5137021597011053
1.396387245955681
1.396387245955681
0.18898046343940567
1.396387245955681
3.7957740761732994
0.5137021597011053
1.396387245955681
0.18898046343940567
1.396387245955681
0.5137021597011053
10.3179836961978
0.5137021597011053
0.5137021597011053
0.5137021597011053
1.396387245955681
0.5137021597011053
0.036097716406357686
0.036097716406357686
0.7250420157226545
1.970868536208209
0.09812376655627005
0.7250420157226545
0.09812376655627005
0.09812376655627005
0.036097716406357686
1.970868536208209
5.357376128256453
0.09812376655627005
0.09812376655627005
0.036097716406357686
5.357376128256453
0.26672805156986623
0.7250420157226545
0.7250420157226545
0.036097716406357686
14.562858177659791
0.26672805156986623
0.09812376655627005
1.970868536208209
0.7250420157226545
1.970868536208209
0.26672805156986623
0.09812376655627005
5.357376128256453
14.562858177659791
0.01327960773913607
1.970868536208209
1.970868536208209
0.26672805156986623
0.09812376655627005
0.26672805156986623
0.7250420157226545
1.970868536208209
0.26672805156986623
5.357376128256453
0.26672805156986623
0.01327960773913607
0.26672805156986623
0.7250420157226545
1.970868536208209
5.357376128256453
5.357376128256453
0.26672805156986623
0.26672805156986623
0.7250420157226545
0.7250420157226545
0.09812376655627005
5.357376128256453
0.7250420157226545
0.09812376655627005
0.7250420157226545
1.970868536208209
1.970868536208209
0.004885294674049337
0.7250420157226545
0.036097716406357686
0.26672805156986623
0.26672805156986623
0.26672805156986623
0.26672805156986623
0.2931664419398303
0.10784990683104485
0.2931664419398303
0.10784990683104485
0.10784990683104485
0.2931664419398303
2.1662232858173014
0.2931664419398303
5.888405394222015
0.2931664419398303
0.2931664419398303
0.2931664419398303
0.2931664419398303
0.2931664419398303
0.2931664419398303
0.005369530684864986
0.10784990683104485
16.006345381713924
0.2931664419398303
0.10784990683104485
0.7969090118390344
0.039675763455396904
43.50975779115232
0.7969090118390344
0.10784990683104485
0.10784990683104485
2.1662232858173014
0.2931664419398303
0.10784990683104485
0.039675763455396904
0.10784990683104485
0.7969090118390344
0.2931664419398303
0.2931664419398303
0.039675763455396904
5.888405394222015
0.7969090118390344
0.7969090118390344
0.2931664419398303
0.2931664419398303
0.2931664419398303
0.7969090118390344
0.2931664419398303
0.014595897688021747
2.1662232858173014
0.2931664419398303
0.10784990683104485
0.7969090118390344
2.1662232858173014
0.10784990683104485
0.10784990683104485
2.1662232858173014
0.10784990683104485
0.2931664419398303
0.2931664419398303
0.2931664419398303
0.7969090118390344
0.014595897688021747
0.7969090118390344
0.7969090118390344
0.014595897688021747
0.7969090118390344
0.7969090118390344
0.2931664419398303
12.318120093500553
0.004132268937384431
0.2256142394206167
0.6132830872586706
0.2256142394206167
0.2256142394206167
1.6670762717965075
0.6132830872586706
0.2256142394206167
0.2256142394206167
0.6132830872586706
4.531583136279699
1.6670762717965075
0.030533566994202108
0.2256142394206167
12.318120093500553
0.011232671562797867
4.531583136279699
0.08299884031837647
1.6670762717965075
0.08299884031837647
0.6132830872586706
4.531583136279699
0.030533566994202108
0.6132830872586706
0.08299884031837647
0.2256142394206167
0.2256142394206167
0.030533566994202108
33.48412201093879
0.2256142394206167
0.011232671562797867
4.531583136279699
0.6132830872586706
1.6670762717965075
0.2256142394206167
0.6132830872586706
0.2256142394206167
0.030533566994202108
0.2256142394206167
0.2256142394206167
0.030533566994202108
0.08299884031837647
0.2256142394206167
0.011232671562797867
0.08299884031837647
0.2256142394206167
0.08299884031837647
0.2256142394206167
0.2256142394206167
0.2256142394206167
0.011232671562797867
4.531583136279699
0.030533566994202108
0.030533566994202108
0.2256142394206167
0.2256142394206167
0.6132830872586706
0.6132830872586706
0.6132830872586706
0.2256142394206167
0.6132830872586706
0.08299884031837647
0.2256142394206167
0.026286841539768898
1.4352129182857905
0.5279853263410115
0.07145504368513618
0.5279853263410115
0.5279853263410115
0.19423494680105294
0.5279853263410115
3.901313195745941
3.901313195745941
10.604868767123678
1.4352129182857905
3.901313195745941
1.4352129182857905
0.19423494680105294
0.5279853263410115
0.07145504368513618
1.4352129182857905
0.5279853263410115
0.5279853263410115
0.19423494680105294
0.07145504368513618
0.19423494680105294
0.07145504368513618
1.4352129182857905
0.5279853263410115
0.5279853263410115
0.19423494680105294
0.07145504368513618
0.19423494680105294
0.5279853263410115
0.5279853263410115
0.5279853263410115
3.901313195745941
0.026286841539768898
1.4352129182857905
0.5279853263410115
0.07145504368513618
0.07145504368513618
0.5279853263410115
0.026286841539768898
0.19423494680105294
0.5279853263410115
0.19423494680105294
0.5279853263410115
1.4352129182857905
3.901313195745941
0.5279853263410115
0.5279853263410115
0.19423494680105294
0.07145504368513618
28.827022062865172
1.4352129182857905
0.19423494680105294
0.5279853263410115
0.19423494680105294
0.5279853263410115
3.901313195745941
0.07145504368513618
0.07145504368513618
0.5279853263410115
0.5279853263410115
0.5279853263410115
10.604868767123678
0.047234880652104634
0.34902118296469503
0.006392545951700176
0.017376741498096024
0.9487379394002102
2.5789371006412707
0.34902118296469503
0.34902118296469503
0.34902118296469503
0.12839771774604775
0.34902118296469503
0.9487379394002102
0.9487379394002102
0.047234880652104634
0.12839771774604775
0.047234880652104634
0.12839771774604775
19.055910912251907
0.12839771774604775
0.006392545951700176
2.5789371006412707
0.12839771774604775
0.9487379394002102
0.006392545951700176
0.9487379394002102
0.047234880652104634
0.002351686232374227
2.5789371006412707
0.12839771774604775
7.010277857412022
0.047234880652104634
0.34902118296469503
0.34902118296469503
0.017376741498096024
19.055910912251907
2.5789371006412707
0.34902118296469503
0.047234880652104634
0.9487379394002102
0.12839771774604775
0.047234880652104634
0.002351686232374227
0.9487379394002102
0.9487379394002102
0.34902118296469503
2.5789371006412707
0.34902118296469503
0.047234880652104634
2.5789371006412707
2.5789371006412707
0.34902118296469503
19.055910912251907
0.9487379394002102
0.34902118296469503
0.017376741498096024
0.34902118296469503
0.047234880652104634
0.34902118296469503
0.34902118296469503
0.34902118296469503
0.34902118296469503
0.9487379394002102
4.3072635811774165e-05
0.9487379394002102
0.10995808310841194
0.8124864446189345
2.208567138276946
0.10995808310841194
0.29889705920578563
0.29889705920578563
0.8124864446189345
2.208567138276946
0.8124864446189345
0.29889705920578563
0.0404513181662056
0.014881208321631926
0.29889705920578563
0.29889705920578563
44.36025680320052
0.8124864446189345
0.29889705920578563
0.8124864446189345
0.29889705920578563
0.29889705920578563
0.29889705920578563
0.014881208321631926
6.003507918910018
6.003507918910018
0.8124864446189345
0.29889705920578563
0.014881208321631926
0.8124864446189345
0.8124864446189345
2.208567138276946
0.014881208321631926
0.29889705920578563
0.29889705920578563
0.00547449060131777
6.003507918910018
0.29889705920578563
2.208567138276946
2.208567138276946
0.29889705920578563
0.8124864446189345
2.208567138276946
0.29889705920578563
0.0404513181662056
0.29889705920578563
0.014881208321631926
0.29889705920578563
0.29889705920578563
0.8124864446189345
2.208567138276946
0.29889705920578563
0.29889705920578563
0.0404513181662056
0.014881208321631926
0.29889705920578563
0.10995808310841194
0.10995808310841194
0.10995808310841194
0.014881208321631926
0.00547449060131777
0.0404513181662056
0.10995808310841194
6.003507918910018
0.014881208321631926
0.8124864446189345
0.008647029160814853
0.47211179546314264
0.023505062237998482
0.06389338355835017
0.1736802234854272
0.47211179546314264
0.023505062237998482
0.06389338355835017
1.2833329146086343
0.023505062237998482
0.1736802234854272
0.06389338355835017
0.008647029160814853
0.023505062237998482
0.1736802234854272
0.06389338355835017
0.47211179546314264
0.1736802234854272
0.47211179546314264
0.1736802234854272
0.1736802234854272
0.47211179546314264
0.06389338355835017
0.023505062237998482
3.488460541644034
0.06389338355835017
1.2833329146086343
0.47211179546314264
1.2833329146086343
0.008647029160814853
0.1736802234854272
1.2833329146086343
0.023505062237998482
0.47211179546314264
0.06389338355835017
1.2833329146086343
0.023505062237998482
0.008647029160814853
1.2833329146086343
0.0011702481406341274
0.023505062237998482
0.47211179546314264
1.2833329146086343
0.47211179546314264
3.488460541644034
1.2833329146086343
0.1736802234854272
0.06389338355835017
0.1736802234854272
0.47211179546314264
0.1736802234854272
70.0676030142745
0.1736802234854272
0.47211179546314264
0.06389338355835017
0.06389338355835017
0.1736802234854272
0.1736802234854272
3.488460541644034
0.0031810642554737337
0.06389338355835017
0.47211179546314264
0.1736802234854272
0.1736802234854272
4.662692415017488
0.6310267986315974
0.08540019052270019
0.2321417860447963
0.6310267986315974
4.662692415017488
0.6310267986315974
0.6310267986315974
4.662692415017488
0.6310267986315974
0.6310267986315974
0.6310267986315974
12.674512063435857
0.6310267986315974
0.6310267986315974
1.715308679990956
0.08540019052270019
1.715308679990956
0.6310267986315974
0.6310267986315974
4.662692415017488
1.715308679990956
0.2321417860447963
0.08540019052270019
0.2321417860447963
0.2321417860447963
1.715308679990956
0.03141697436542565
1.715308679990956
0.6310267986315974
0.6310267986315974
0.2321417860447963
0.08540019052270019
1.715308679990956
0.6310267986315974
0.6310267986315974
0.6310267986315974
0.08540019052270019
0.6310267986315974
0.6310267986315974
0.6310267986315974
1.715308679990956
0.2321417860447963
0.6310267986315974
1.715308679990956
1.715308679990956
0.2321417860447963
0.6310267986315974
0.03141697436542565
1.715308679990956
0.6310267986315974
0.6310267986315974
0.6310267986315974
12.674512063435857
0.2321417860447963
0.6310267986315974
0.6310267986315974
0.6310267986315974
12.674512063435857
4.662692415017488
0.2321417860447963
0.6310267986315974
0.6310267986315974
0.6310267986315974
0.13003886669518985
0.13003886669518985
0.04783862561039413
0.13003886669518985
0.35348228833094275
0.04783862561039413
0.13003886669518985
0.35348228833094275
0.017598846855961643
0.04783862561039413
2.611900458455715
0.9608644810521224
0.006474253946632964
0.13003886669518985
0.04783862561039413
0.017598846855961643
0.35348228833094275
0.017598846855961643
0.13003886669518985
0.04783862561039413
0.35348228833094275
0.35348228833094275
0.13003886669518985
0.04783862561039413
0.04783862561039413
0.04783862561039413
19.29947901235196
0.35348228833094275
0.13003886669518985
52.46142309800306
0.04783862561039413
0.04783862561039413
0.13003886669518985
0.017598846855961643
0.006474253946632964
0.006474253946632964
0.9608644810521224
2.611900458455715
0.13003886669518985
0.35348228833094275
0.13003886669518985
0.13003886669518985
0.13003886669518985
2.611900458455715
0.9608644810521224
0.13003886669518985
0.04783862561039413
0.13003886669518985
0.13003886669518985
0.04783862561039413
0.04783862561039413
7.0998815539640185
0.35348228833094275
0.04783862561039413
0.04783862561039413
0.13003886669518985
0.017598846855961643
2.611900458455715
0.35348228833094275
0.35348228833094275
0.13003886669518985
0.9608644810521224
0.13003886669518985
0.017598846855961643
3.2976851553808593
0.02221962779662715
0.02221962779662715
1.213150572120871
3.2976851553808593
1.213150572120871
8.964037633850932
0.16418207628663686
0.44629315452864166
0.44629315452864166
8.964037633850932
3.2976851553808593
0.44629315452864166
1.213150572120871
0.44629315452864166
0.44629315452864166
0.44629315452864166
0.16418207628663686
0.16418207628663686
0.44629315452864166
3.2976851553808593
0.44629315452864166
0.44629315452864166
1.213150572120871
0.44629315452864166
0.060399210474695084
0.44629315452864166
1.213150572120871
0.44629315452864166
0.44629315452864166
0.44629315452864166
0.060399210474695084
3.2976851553808593
0.44629315452864166
0.16418207628663686
1.213150572120871
3.2976851553808593
1.213150572120871
0.060399210474695084
0.060399210474695084
0.16418207628663686
0.16418207628663686
0.44629315452864166
0.44629315452864166
1.213150572120871
0.16418207628663686
0.44629315452864166
1.213150572120871
0.44629315452864166
1.213150572120871
0.16418207628663686
0.16418207628663686
0.44629315452864166
0.060399210474695084
8.964037633850932
1.213150572120871
0.16418207628663686
1.213150572120871
1.213150572120871
1.213150572120871
0.44629315452864166
0.44629315452864166
24.366780609720003
0.16418207628663686
8.599018545114081
0.15749651846983787
0.05793973120113171
3.163402136999437
0.15749651846983787
1.1637506103598994
3.163402136999437
0.05793973120113171
0.05793973120113171
0.4281199242021247
0.15749651846983787
0.4281199242021247
0.4281199242021247
1.1637506103598994
0.4281199242021247
0.4281199242021247
0.05793973120113171
3.163402136999437
1.1637506103598994
0.15749651846983787
0.4281199242021247
0.15749651846983787
23.374555853765944
3.163402136999437
0.15749651846983787
1.1637506103598994
8.599018545114081
0.021314835935895914
0.4281199242021247
8.599018545114081
0.15749651846983787
1.1637506103598994
0.15749651846983787
0.15749651846983787
0.4281199242021247
0.021314835935895914
0.4281199242021247
0.4281199242021247
0.4281199242021247
1.1637506103598994
0.4281199242021247
1.1637506103598994
1.1637506103598994
0.4281199242021247
1.1637506103598994
1.1637506103598994
0.4281199242021247
1.1637506103598994
1.1637506103598994
0.4281199242021247
0.4281199242021247
0.4281199242021247
0.05793973120113171
1.1637506103598994
1.1637506103598994
0.4281199242021247
8.599018545114081
0.4281199242021247
0.4281199242021247
0.4281199242021247
0.05793973120113171
1.1637506103598994
1.1637506103598994
0.15749651846983787
1.9797169005610742
0.0985643006772499
5.381428476288431
5.381428476288431
0.7282971470560679
14.628239238246888
1.9797169005610742
0.7282971470560679
5.381428476288431
1.9797169005610742
0.7282971470560679
1.9797169005610742
0.7282971470560679
0.7282971470560679
1.9797169005610742
1.9797169005610742
0.267925547465742
5.381428476288431
1.9797169005610742
0.7282971470560679
0.267925547465742
0.7282971470560679
0.267925547465742
1.9797169005610742
0.7282971470560679
0.0985643006772499
1.9797169005610742
0.267925547465742
1.9797169005610742
0.267925547465742
0.7282971470560679
0.0985643006772499
0.7282971470560679
0.7282971470560679
1.9797169005610742
0.7282971470560679
5.381428476288431
0.036259779852600704
1.9797169005610742
1.9797169005610742
0.267925547465742
0.7282971470560679
0.267925547465742
0.0985643006772499
0.267925547465742
0.267925547465742
0.7282971470560679
1.9797169005610742
0.267925547465742
0.7282971470560679
0.0985643006772499
0.7282971470560679
0.7282971470560679
0.0985643006772499
0.7282971470560679
5.381428476288431
0.7282971470560679
0.7282971470560679
0.0985643006772499
0.7282971470560679
1.9797169005610742
0.7282971470560679
1.9797169005610742
1.9797169005610742
0.0020192223742938643
0.8146124462549097
0.01492014739987331
0.0020192223742938643
0.2996791714995578
0.11024580614197815
0.01492014739987331
0.01492014739987331
0.8146124462549097
0.11024580614197815
0.8146124462549097
2.214346209891292
0.11024580614197815
0.01492014739987331
0.0020192223742938643
16.361928367341218
0.0007428303986560998
0.11024580614197815
0.11024580614197815
0.2996791714995578
44.47633255949221
0.0054888154876609405
0.11024580614197815
0.2996791714995578
0.11024580614197815
0.2996791714995578
0.0001005311623988892
0.11024580614197815
0.2996791714995578
0.04055716555500609
2.214346209891292
0.8146124462549097
0.11024580614197815
0.04055716555500609
0.04055716555500609
0.8146124462549097
0.2996791714995578
6.019217064264657
0.11024580614197815
0.11024580614197815
0.0007428303986560998
0.8146124462549097
0.04055716555500609
0.01492014739987331
0.2996791714995578
0.2996791714995578
0.0020192223742938643
16.361928367341218
0.04055716555500609
0.01492014739987331
0.11024580614197815
0.04055716555500609
0.11024580614197815
0.0054888154876609405
0.8146124462549097
0.11024580614197815
0.0007428303986560998
0.0007428303986560998
0.01492014739987331
0.8146124462549097
0.2996791714995578
0.11024580614197815
0.8146124462549097
0.2996791714995578
0.2897245494843612
0.7875529781218225
0.7875529781218225
0.03920995396506604
0.0019521486587595407
0.2897245494843612
0.10658370535795468
2.140790949377354
5.81927313622205
0.10658370535795468
15.818424421032276
0.7875529781218225
0.7875529781218225
0.7875529781218225
0.7875529781218225
15.818424421032276
5.81927313622205
2.140790949377354
0.2897245494843612
0.2897245494843612
0.2897245494843612
0.0007181553576680405
2.140790949377354
0.10658370535795468
0.2897245494843612
0.2897245494843612
0.03920995396506604
0.2897245494843612
0.2897245494843612
0.014424535953026472
2.140790949377354
0.014424535953026472
0.2897245494843612
0.2897245494843612
0.0019521486587595407
0.10658370535795468
0.7875529781218225
0.10658370535795468
0.014424535953026472
0.2897245494843612
0.2897245494843612
0.7875529781218225
0.2897245494843612
0.03920995396506604
2.140790949377354
2.140790949377354
0.2897245494843612
2.140790949377354
0.2897245494843612
5.81927313622205
0.03920995396506604
15.818424421032276
2.140790949377354
2.140790949377354
0.2897245494843612
0.10658370535795468
0.10658370535795468
0.2897245494843612
2.140790949377354
0.10658370535795468
0.014424535953026472
0.7875529781218225
0.2897245494843612
0.014424535953026472
0.13800293016919435
0.050768440830664806
2.7718629494214424
2.7718629494214424
0.13800293016919435
1.0197113928369863
0.018676665641930403
0.37513085735302354
1.0197113928369863
0.050768440830664806
0.006870761319299233
0.0025276118345661635
0.050768440830664806
0.018676665641930403
55.674355616620254
0.050768440830664806
0.050768440830664806
0.050768440830664806
7.5347046863911995
0.13800293016919435
0.050768440830664806
0.37513085735302354
0.050768440830664806
0.37513085735302354
7.5347046863911995
0.13800293016919435
0.37513085735302354
0.050768440830664806
2.7718629494214424
0.018676665641930403
1.0197113928369863
0.050768440830664806
0.37513085735302354
0.37513085735302354
0.050768440830664806
0.13800293016919435
0.0025276118345661635
0.13800293016919435
0.13800293016919435
0.018676665641930403
0.37513085735302354
0.050768440830664806
0.006870761319299233
0.006870761319299233
0.018676665641930403
0.006870761319299233
7.5347046863911995
0.13800293016919435
0.050768440830664806
1.0197113928369863
0.018676665641930403
0.37513085735302354
0.018676665641930403
0.018676665641930403
1.0197113928369863
0.13800293016919435
0.13800293016919435
1.0197113928369863
1.0197113928369863
0.37513085735302354
0.37513085735302354
0.018676665641930403
0.13800293016919435
0.13800293016919435
0.2650123050270688
0.2650123050270688
1.9581907887519328
14.469181590497287
5.3229144377202635
0.2650123050270688
0.2650123050270688
1.9581907887519328
0.03586551536202596
0.013194185748707888
0.2650123050270688
0.2650123050270688
0.2650123050270688
0.03586551536202596
0.0974925786769139
0.0974925786769139
0.2650123050270688
0.013194185748707888
1.9581907887519328
0.2650123050270688
0.7203781330731268
0.2650123050270688
0.7203781330731268
0.7203781330731268
0.7203781330731268
0.0974925786769139
0.0974925786769139
0.2650123050270688
1.9581907887519328
0.2650123050270688
0.2650123050270688
0.0974925786769139
1.9581907887519328
0.2650123050270688
1.9581907887519328
0.03586551536202596
0.0974925786769139
0.013194185748707888
0.03586551536202596
0.2650123050270688
0.7203781330731268
0.0974925786769139
0.0974925786769139
0.2650123050270688
0.2650123050270688
0.013194185748707888
5.3229144377202635
0.03586551536202596
0.03586551536202596
0.7203781330731268
0.2650123050270688
0.7203781330731268
0.7203781330731268
0.03586551536202596
0.2650123050270688
1.9581907887519328
0.2650123050270688
39.33131339012292
0.2650123050270688
1.9581907887519328
5.3229144377202635
0.0974925786769139
0.0974925786769139
1.9581907887519328
0.034495450833593594
37.82885519905735
0.25488882136732716
0.0937683571654599
0.25488882136732716
0.25488882136732716
0.012690167175619375
13.916458110784626
1.8833878000734938
0.0937683571654599
0.25488882136732716
0.034495450833593594
0.6928596514001489
0.0937683571654599
0.25488882136732716
5.119578832881235
1.8833878000734938
0.25488882136732716
0.25488882136732716
0.25488882136732716
0.6928596514001489
0.25488882136732716
0.0937683571654599
0.0937683571654599
1.8833878000734938
0.6928596514001489
0.012690167175619375
0.6928596514001489
0.25488882136732716
0.25488882136732716
1.8833878000734938
0.0937683571654599
0.25488882136732716
0.25488882136732716
0.25488882136732716
0.25488882136732716
0.012690167175619375
0.0937683571654599
0.6928596514001489
0.25488882136732716
0.6928596514001489
0.034495450833593594
0.25488882136732716
0.25488882136732716
0.25488882136732716
1.8833878000734938
0.25488882136732716
0.25488882136732716
0.25488882136732716
0.6928596514001489
0.25488882136732716
0.0937683571654599
0.034495450833593594
0.25488882136732716
0.0937683571654599
0.6928596514001489
0.6928596514001489
0.6928596514001489
5.119578832881235
0.0937683571654599
13.916458110784626
0.25488882136732716
0.012690167175619375
0.25488882136732716
0.5091147527399119
0.5091147527399119
0.5091147527399119
0.5091147527399119
0.18729285073009583
0.18729285073009583
1.3839173809733223
0.5091147527399119
1.3839173809733223
0.18729285073009583
0.5091147527399119
0.5091147527399119
3.7618774687884162
0.5091147527399119
0.5091147527399119
0.18729285073009583
0.18729285073009583
3.7618774687884162
1.3839173809733223
0.5091147527399119
0.5091147527399119
0.18729285073009583
1.3839173809733223
0.18729285073009583
0.18729285073009583
0.5091147527399119
0.5091147527399119
0.18729285073009583
0.18729285073009583
0.06890118926199403
0.06890118926199403
0.18729285073009583
0.5091147527399119
0.18729285073009583
0.18729285073009583
27.796723654180838
0.18729285073009583
1.3839173809733223
0.5091147527399119
0.5091147527399119
0.025347331001750142
0.5091147527399119
0.5091147527399119
0.06890118926199403
3.7618774687884162
0.5091147527399119
0.5091147527399119
1.3839173809733223
10.22584316429706
0.5091147527399119
3.7618774687884162
10.22584316429706
0.18729285073009583
0.5091147527399119
1.3839173809733223
0.06890118926199403
0.5091147527399119
0.5091147527399119
10.22584316429706
0.5091147527399119
0.18729285073009583
0.5091147527399119
0.18729285073009583
0.06890118926199403
1.2510306903335404
0.062285150509932004
0.1693085928139848
0.4602284712482266
0.02291342636287296
0.0011407923248703722
3.400653992378238
0.02291342636287296
0.000419674042965983
0.1693085928139848
0.1693085928139848
0.062285150509932004
0.1693085928139848
0.02291342636287296
0.000419674042965983
0.062285150509932004
0.1693085928139848
0.0084293784856967
0.062285150509932004
3.400653992378238
1.2510306903335404
1.2510306903335404
0.02291342636287296
0.1693085928139848
0.1693085928139848
0.003100995046740681
0.1693085928139848
0.02291342636287296
3.400653992378238
0.4602284712482266
0.062285150509932004
0.4602284712482266
0.1693085928139848
0.062285150509932004
9.243935952358468
0.0084293784856967
0.1693085928139848
0.062285150509932004
0.02291342636287296
0.062285150509932004
0.1693085928139848
1.2510306903335404
0.02291342636287296
1.2510306903335404
1.2510306903335404
0.1693085928139848
0.02291342636287296
0.062285150509932004
0.0084293784856967
0.0084293784856967
0.1693085928139848
0.0084293784856967
0.062285150509932004
0.02291342636287296
0.0084293784856967
0.062285150509932004
0.003100995046740681
0.062285150509932004
0.0084293784856967
0.062285150509932004
0.062285150509932004
0.0084293784856967
68.30396132689864
0.0084293784856967
0.6079770864021504
4.4923767982898966
1.6526530660864402
0.011135488767166527
0.6079770864021504
1.6526530660864402
0.6079770864021504
1.6526530660864402
0.2236622707906648
0.030269396766798587
0.6079770864021504
0.2236622707906648
0.6079770864021504
1.6526530660864402
0.2236622707906648
0.2236622707906648
4.4923767982898966
0.6079770864021504
0.030269396766798587
0.2236622707906648
0.6079770864021504
0.2236622707906648
0.6079770864021504
1.6526530660864402
1.6526530660864402
1.6526530660864402
0.2236622707906648
0.08228075118960558
0.6079770864021504
0.6079770864021504
1.6526530660864402
4.4923767982898966
0.2236622707906648
0.6079770864021504
33.19442418009851
0.08228075118960558
0.08228075118960558
0.6079770864021504
4.4923767982898966
0.6079770864021504
0.6079770864021504
0.6079770864021504
1.6526530660864402
4.4923767982898966
0.2236622707906648
1.6526530660864402
0.6079770864021504
0.6079770864021504
0.08228075118960558
1.6526530660864402
0.6079770864021504
0.6079770864021504
1.6526530660864402
0.2236622707906648
1.6526530660864402
1.6526530660864402
0.6079770864021504
0.2236622707906648
0.2236622707906648
0.6079770864021504
4.4923767982898966
0.2236622707906648
0.030269396766798587
0.6079770864021504
1.901937227181598
0.09469187876107578
0.6996836042787287
0.2573992133388793
1.901937227181598
0.2573992133388793
0.09469187876107578
14.053520868289434
1.901937227181598
0.09469187876107578
1.901937227181598
0.2573992133388793
0.03483519544209853
0.2573992133388793
0.01281515223233718
0.2573992133388793
0.09469187876107578
0.09469187876107578
0.6996836042787287
0.2573992133388793
0.6996836042787287
0.03483519544209853
14.053520868289434
0.2573992133388793
0.09469187876107578
1.901937227181598
0.6996836042787287
0.2573992133388793
0.0006380288603359555
0.01281515223233718
1.901937227181598
0.2573992133388793
5.17000140351752
0.6996836042787287
0.6996836042787287
0.09469187876107578
0.09469187876107578
0.2573992133388793
14.053520868289434
0.03483519544209853
0.2573992133388793
0.2573992133388793
0.01281515223233718
0.09469187876107578
0.2573992133388793
0.6996836042787287
0.6996836042787287
1.901937227181598
0.09469187876107578
0.2573992133388793
0.2573992133388793
0.6996836042787287
0.2573992133388793
0.01281515223233718
0.6996836042787287
5.17000140351752
14.053520868289434
0.03483519544209853
0.2573992133388793
0.03483519544209853
0.2573992133388793
0.2573992133388793
1.901937227181598
5.17000140351752
2.0383120365278287
0.27585553678809055
0.27585553678809055
0.10148158071765101
0.03733298720360407
5.540706569622947
0.0018586999862824254
0.27585553678809055
15.061201985029706
2.0383120365278287
0.27585553678809055
0.7498530929308822
2.0383120365278287
0.013734038469722471
5.540706569622947
0.7498530929308822
0.10148158071765101
0.013734038469722471
0.10148158071765101
0.7498530929308822
0.005052470397268593
0.10148158071765101
0.27585553678809055
2.0383120365278287
0.27585553678809055
0.10148158071765101
0.10148158071765101
5.540706569622947
2.0383120365278287
0.013734038469722471
0.7498530929308822
5.540706569622947
0.10148158071765101
0.03733298720360407
0.27585553678809055
0.7498530929308822
0.7498530929308822
0.10148158071765101
5.540706569622947
5.540706569622947
0.27585553678809055
0.0018586999862824254
0.27585553678809055
0.10148158071765101
0.27585553678809055
0.03733298720360407
0.27585553678809055
0.03733298720360407
0.7498530929308822
0.7498530929308822
0.10148158071765101
0.013734038469722471
2.0383120365278287
15.061201985029706
0.10148158071765101
0.03733298720360407
5.540706569622947
5.540706569622947
2.0383120365278287
0.10148158071765101
0.013734038469722471
0.7498530929308822
0.005052470397268593
0.013734038469722471
0.003646205839836527
0.02694201949880064
0.5411449274284024
0.07323600202557906
1.470984422791415
0.02694201949880064
0.07323600202557906
0.02694201949880064
0.1990760934951214
0.02694201949880064
0.5411449274284024
0.1990760934951214
0.1990760934951214
0.1990760934951214
0.1990760934951214
0.009911415077248884
0.02694201949880064
0.02694201949880064
0.1990760934951214
0.003646205839836527
3.9985502264202206
0.0013413641667551109
0.1990760934951214
0.1990760934951214
0.02694201949880064
0.07323600202557906
0.1990760934951214
0.003646205839836527
0.02694201949880064
0.0004934603000732676
0.009911415077248884
0.009911415077248884
0.02694201949880064
0.5411449274284024
0.0013413641667551109
3.9985502264202206
0.07323600202557906
0.5411449274284024
0.02694201949880064
0.02694201949880064
0.003646205839836527
0.1990760934951214
0.1990760934951214
0.009911415077248884
0.07323600202557906
0.009911415077248884
0.009911415077248884
0.07323600202557906
1.470984422791415
0.07323600202557906
0.1990760934951214
80.31302821198375
0.009911415077248884
0.5411449274284024
0.07323600202557906
0.1990760934951214
0.07323600202557906
0.02694201949880064
0.5411449274284024
0.1990760934951214
0.02694201949880064
0.07323600202557906
0.07323600202557906
1.470984422791415
0.1000857860146377
0.27206137341063014
0.7395394875677267
0.27206137341063014
0.27206137341063014
0.03681950302826948
0.27206137341063014
0.7395394875677267
0.013545138198250005
0.7395394875677267
2.0102767504832655
0.1000857860146377
0.7395394875677267
0.03681950302826948
0.03681950302826948
0.27206137341063014
0.27206137341063014
0.03681950302826948
2.0102767504832655
5.464498761012359
0.7395394875677267
0.27206137341063014
0.7395394875677267
0.27206137341063014
2.0102767504832655
2.0102767504832655
0.7395394875677267
0.03681950302826948
0.03681950302826948
0.1000857860146377
5.464498761012359
0.7395394875677267
2.0102767504832655
0.7395394875677267
0.27206137341063014
0.27206137341063014
0.03681950302826948
0.27206137341063014
2.0102767504832655
0.27206137341063014
0.1000857860146377
0.27206137341063014
0.004982977870962168
0.27206137341063014
0.27206137341063014
2.0102767504832655
2.0102767504832655
0.7395394875677267
0.03681950302826948
0.27206137341063014
0.27206137341063014
0.27206137341063014
0.27206137341063014
0.27206137341063014
0.7395394875677267
2.0102767504832655
0.7395394875677267
0.03681950302826948
0.27206137341063014
0.1000857860146377
14.85404768369686
0.03681950302826948
0.27206137341063014
40.37748789765735
0.026094243468449272
1.4246974198917877
0.026094243468449272
0.19281182884752637
0.0709315078476718
0.19281182884752637
0.026094243468449272
0.009599535704964676
0.19281182884752637
0.0709315078476718
0.0709315078476718
3.872729107544332
0.19281182884752637
0.19281182884752637
0.19281182884752637
0.5241168906681865
0.5241168906681865
3.872729107544332
0.19281182884752637
0.026094243468449272
0.19281182884752637
0.5241168906681865
10.527169159582174
0.009599535704964676
0.0709315078476718
0.19281182884752637
1.4246974198917877
0.5241168906681865
0.5241168906681865
28.6158126316067
0.0709315078476718
0.0709315078476718
1.4246974198917877
10.527169159582174
0.0004779327404428274
0.0709315078476718
0.0709315078476718
0.19281182884752637
0.5241168906681865
0.009599535704964676
1.4246974198917877
0.19281182884752637
0.5241168906681865
0.001299155883571371
0.0709315078476718
1.4246974198917877
0.19281182884752637
0.0709315078476718
10.527169159582174
0.5241168906681865
1.4246974198917877
0.19281182884752637
10.527169159582174
0.5241168906681865
0.5241168906681865
0.5241168906681865
0.026094243468449272
0.0709315078476718
0.19281182884752637
0.5241168906681865
1.4246974198917877
1.4246974198917877
0.19281182884752637
0.009599535704964676
5.093668705885907
0.6893530970245396
5.093668705885907
0.6893530970245396
0.09329379663585223
0.09329379663585223
0.6893530970245396
13.84602708340016
13.84602708340016
5.093668705885907
0.6893530970245396
0.25359883210319073
0.25359883210319073
0.6893530970245396
0.25359883210319073
0.6893530970245396
0.6893530970245396
0.6893530970245396
0.6893530970245396
1.8738559970337711
0.6893530970245396
0.09329379663585223
5.093668705885907
0.6893530970245396
1.8738559970337711
0.6893530970245396
0.25359883210319073
0.0343208697711595
1.8738559970337711
0.6893530970245396
0.25359883210319073
0.6893530970245396
1.8738559970337711
0.25359883210319073
13.84602708340016
0.6893530970245396
0.6893530970245396
5.093668705885907
0.6893530970245396
1.8738559970337711
0.25359883210319073
0.6893530970245396
0.012625942391932004
0.6893530970245396
0.25359883210319073
0.6893530970245396
1.8738559970337711
0.6893530970245396
0.6893530970245396
0.25359883210319073
0.25359883210319073
0.6893530970245396
0.09329379663585223
0.09329379663585223
0.25359883210319073
0.25359883210319073
0.09329379663585223
0.6893530970245396
0.6893530970245396
0.012625942391932004
0.25359883210319073
0.09329379663585223
0.25359883210319073
0.25359883210319073
0.11482496779962313
0.31212662342311054
0.11482496779962313
0.11482496779962313
0.31212662342311054
0.11482496779962313
0.31212662342311054
2.3063211304431652
2.3063211304431652
0.042241744986654214
2.3063211304431652
0.8484481286293206
2.3063211304431652
0.11482496779962313
0.11482496779962313
2.3063211304431652
0.31212662342311054
0.11482496779962313
0.31212662342311054
0.11482496779962313
0.8484481286293206
0.005716798522177611
2.3063211304431652
0.31212662342311054
0.31212662342311054
0.31212662342311054
0.042241744986654214
0.31212662342311054
0.11482496779962313
0.002103092645628427
2.3063211304431652
0.042241744986654214
2.3063211304431652
0.31212662342311054
0.31212662342311054
0.11482496779962313
0.31212662342311054
0.11482496779962313
0.31212662342311054
0.31212662342311054
0.11482496779962313
0.042241744986654214
0.31212662342311054
0.31212662342311054
46.32369822224411
0.8484481286293206
0.11482496779962313
0.8484481286293206
6.269230819474779
2.3063211304431652
0.31212662342311054
6.269230819474779
0.11482496779962313
0.8484481286293206
0.8484481286293206
0.31212662342311054
0.31212662342311054
0.31212662342311054
6.269230819474779
0.31212662342311054
0.042241744986654214
0.31212662342311054
0.015539869539796927
0.31212662342311054
0.48134556057821565
0.48134556057821565
3.5566893500836567
3.5566893500836567
0.48134556057821565
1.308432890529196
0.48134556057821565
1.308432890529196
0.1770771358358686
0.48134556057821565
0.48134556057821565
0.48134556057821565
1.308432890529196
0.48134556057821565
1.308432890529196
0.48134556057821565
1.308432890529196
0.1770771358358686
0.06514303777553893
1.308432890529196
0.1770771358358686
1.308432890529196
3.5566893500836567
1.308432890529196
0.48134556057821565
0.1770771358358686
1.308432890529196
1.308432890529196
26.280577134237333
1.308432890529196
1.308432890529196
9.668084029806217
0.06514303777553893
0.1770771358358686
3.5566893500836567
0.1770771358358686
0.48134556057821565
0.1770771358358686
0.1770771358358686
0.48134556057821565
3.5566893500836567
0.48134556057821565
0.48134556057821565
1.308432890529196
0.48134556057821565
1.308432890529196
3.5566893500836567
0.023964784333075417
0.48134556057821565
0.48134556057821565
0.1770771358358686
0.48134556057821565
3.5566893500836567
3.5566893500836567
0.1770771358358686
0.1770771358358686
0.48134556057821565
3.5566893500836567
0.48134556057821565
0.023964784333075417
0.48134556057821565
1.308432890529196
0.0032432808754210996
0.1770771358358686
0.17563895627747592
0.06461396108329323
0.17563895627747592
0.023770147895195236
1.297806101091897
0.17563895627747592
1.297806101091897
0.47743618321857545
0.47743618321857545
0.47743618321857545
0.023770147895195236
1.297806101091897
0.17563895627747592
0.17563895627747592
9.589562086502491
9.589562086502491
0.47743618321857545
0.00321693969797242
0.17563895627747592
0.47743618321857545
0.47743618321857545
3.527802741461387
0.008744548724246959
0.06461396108329323
26.067132362619528
1.297806101091897
3.527802741461387
0.023770147895195236
1.297806101091897
0.17563895627747592
0.47743618321857545
0.17563895627747592
0.47743618321857545
0.47743618321857545
1.297806101091897
0.06461396108329323
1.297806101091897
0.06461396108329323
0.17563895627747592
0.17563895627747592
0.17563895627747592
0.47743618321857545
0.17563895627747592
0.47743618321857545
0.008744548724246959
0.47743618321857545
0.06461396108329323
0.47743618321857545
0.17563895627747592
1.297806101091897
0.47743618321857545
0.47743618321857545
0.47743618321857545
9.589562086502491
0.47743618321857545
0.17563895627747592
3.527802741461387
0.47743618321857545
9.589562086502491
1.297806101091897
0.00321693969797242
0.06461396108329323
1.297806101091897
0.47743618321857545
0.17755120541950098
9.693967352059527
0.024028942674450167
0.06531743822904199
0.4826342153128287
0.4826342153128287
1.3119358172774522
0.024028942674450167
0.024028942674450167
0.4826342153128287
0.4826342153128287
1.3119358172774522
9.693967352059527
0.4826342153128287
0.4826342153128287
26.350935298778662
0.17755120541950098
0.06531743822904199
1.3119358172774522
1.3119358172774522
1.3119358172774522
0.17755120541950098
0.06531743822904199
0.17755120541950098
0.4826342153128287
0.024028942674450167
0.06531743822904199
0.17755120541950098
1.3119358172774522
0.4826342153128287
0.4826342153128287
0.4826342153128287
9.693967352059527
0.4826342153128287
0.17755120541950098
9.693967352059527
3.566211292209865
0.06531743822904199
0.4826342153128287
0.4826342153128287
0.06531743822904199
0.17755120541950098
3.566211292209865
0.4826342153128287
1.3119358172774522
0.4826342153128287
0.17755120541950098
0.4826342153128287
0.4826342153128287
0.17755120541950098
0.4826342153128287
0.4826342153128287
0.4826342153128287
3.566211292209865
0.4826342153128287
0.4826342153128287
0.024028942674450167
0.024028942674450167
0.4826342153128287
0.06531743822904199
0.17755120541950098
0.17755120541950098
0.024028942674450167
1.3119358172774522
5.032036241566145
1.8511826805017977
0.681012050009254
5.032036241566145
0.681012050009254
0.2505303323884227
1.8511826805017977
0.2505303323884227
0.09216495867554865
0.2505303323884227
1.8511826805017977
0.681012050009254
0.681012050009254
5.032036241566145
0.681012050009254
1.8511826805017977
13.678492675596598
0.681012050009254
0.681012050009254
0.681012050009254
0.681012050009254
0.681012050009254
1.8511826805017977
1.8511826805017977
0.2505303323884227
0.681012050009254
5.032036241566145
1.8511826805017977
1.8511826805017977
0.681012050009254
0.09216495867554865
0.681012050009254
0.2505303323884227
0.2505303323884227
0.09216495867554865
1.8511826805017977
0.681012050009254
0.681012050009254
0.2505303323884227
1.8511826805017977
0.681012050009254
5.032036241566145
5.032036241566145
0.681012050009254
1.8511826805017977
1.8511826805017977
0.681012050009254
0.2505303323884227
0.681012050009254
1.8511826805017977
0.681012050009254
5.032036241566145
0.2505303323884227
1.8511826805017977
1.8511826805017977
0.681012050009254
0.681012050009254
0.681012050009254
1.8511826805017977
0.2505303323884227
0.2505303323884227
1.8511826805017977
0.681012050009254
0.2505303323884227
0.14924540279788864
0.05490431537869409
0.4056910664065514
0.4056910664065514
0.05490431537869409
0.14924540279788864
8.148522893716168
0.05490431537869409
1.1027826537811005
0.14924540279788864
0.002733524903449806
0.14924540279788864
0.05490431537869409
0.14924540279788864
2.9976740485130082
0.05490431537869409
0.007430491072687874
0.14924540279788864
1.1027826537811005
0.020198168859414608
0.4056910664065514
0.4056910664065514
0.14924540279788864
1.1027826537811005
0.05490431537869409
0.05490431537869409
0.14924540279788864
0.007430491072687874
0.4056910664065514
0.4056910664065514
0.05490431537869409
0.020198168859414608
0.4056910664065514
2.9976740485130082
2.9976740485130082
0.007430491072687874
0.14924540279788864
0.05490431537869409
0.14924540279788864
0.14924540279788864
8.148522893716168
0.14924540279788864
0.05490431537869409
0.05490431537869409
0.020198168859414608
0.05490431537869409
0.05490431537869409
0.4056910664065514
0.14924540279788864
0.020198168859414608
1.1027826537811005
0.007430491072687874
0.05490431537869409
0.002733524903449806
0.4056910664065514
0.14924540279788864
0.05490431537869409
0.05490431537869409
0.002733524903449806
2.9976740485130082
0.14924540279788864
0.14924540279788864
60.20989278508948
0.05490431537869409
0.15551311812676183
1.149095153958272
0.15551311812676183
0.4227284830909816
0.15551311812676183
0.15551311812676183
0.15551311812676183
3.1235644761751202
0.4227284830909816
0.15551311812676183
0.15551311812676183
0.15551311812676183
1.149095153958272
8.490728555607024
0.021046411888694123
0.4227284830909816
0.4227284830909816
62.73846961817272
0.15551311812676183
0.4227284830909816
0.15551311812676183
0.021046411888694123
0.4227284830909816
0.021046411888694123
0.15551311812676183
0.057210078991301636
0.15551311812676183
0.021046411888694123
0.0010478391476006388
0.15551311812676183
0.0028483221140708313
0.021046411888694123
1.149095153958272
0.057210078991301636
0.057210078991301636
3.1235644761751202
0.4227284830909816
8.490728555607024
0.0010478391476006388
0.4227284830909816
0.15551311812676183
0.4227284830909816
0.15551311812676183
0.021046411888694123
0.15551311812676183
0.15551311812676183
0.15551311812676183
0.4227284830909816
0.4227284830909816
0.15551311812676183
0.4227284830909816
0.021046411888694123
0.007742542244276792
0.0010478391476006388
0.15551311812676183
0.057210078991301636
0.057210078991301636
0.057210078991301636
0.007742542244276792
0.4227284830909816
1.149095153958272
0.007742542244276792
0.15551311812676183
0.15551311812676183
0.9191106509975233
0.3381219126636894
0.04575982481884563
0.04575982481884563
0.12438810027853729
0.12438810027853729
0.006192918852716252
0.12438810027853729
18.46083091710581
0.04575982481884563
0.3381219126636894
0.01683409878246003
0.9191106509975233
0.9191106509975233
0.04575982481884563
0.12438810027853729
0.01683409878246003
6.791360161345369
0.12438810027853729
0.12438810027853729
0.12438810027853729
0.0008381204269937124
0.3381219126636894
0.9191106509975233
0.006192918852716252
0.04575982481884563
0.3381219126636894
0.12438810027853729
0.12438810027853729
0.3381219126636894
0.0022782475267573445
0.0022782475267573445
0.006192918852716252
0.04575982481884563
0.006192918852716252
0.12438810027853729
0.12438810027853729
0.9191106509975233
0.01683409878246003
2.498401780949731
2.498401780949731
0.3381219126636894
0.9191106509975233
0.01683409878246003
50.18174122022365
0.04575982481884563
0.12438810027853729
0.12438810027853729
0.01683409878246003
0.04575982481884563
0.04575982481884563
0.12438810027853729
0.3381219126636894
2.498401780949731
0.12438810027853729
0.12438810027853729
0.12438810027853729
0.04575982481884563
2.498401780949731
0.9191106509975233
0.12438810027853729
0.3381219126636894
2.498401780949731
0.12438810027853729
0.021028373109227814
0.0571610445048708
0.007735906148167313
0.0571610445048708
3.1208872839281714
0.021028373109227814
0.15537982857332908
0.007735906148167313
0.021028373109227814
0.15537982857332908
0.0571610445048708
0.15537982857332908
0.15537982857332908
0.021028373109227814
0.007735906148167313
0.00038514808828618504
0.15537982857332908
0.0571610445048708
1.148110269970556
0.007735906148167313
62.68469677444616
0.42236616451996195
0.15537982857332908
0.15537982857332908
0.15537982857332908
0.0571610445048708
1.148110269970556
0.0571610445048708
0.15537982857332908
0.42236616451996195
0.007735906148167313
0.0571610445048708
0.15537982857332908
0.021028373109227814
0.15537982857332908
8.483451192570852
0.0571610445048708
0.42236616451996195
0.021028373109227814
0.15537982857332908
0.15537982857332908
8.483451192570852
0.021028373109227814
0.15537982857332908
0.007735906148167313
0.021028373109227814
0.15537982857332908
1.148110269970556
0.0571610445048708
0.0571610445048708
3.1208872839281714
0.15537982857332908
0.021028373109227814
0.42236616451996195
0.15537982857332908
0.15537982857332908
0.0571610445048708
0.021028373109227814
0.42236616451996195
3.1208872839281714
0.15537982857332908
0.021028373109227814
1.148110269970556
0.42236616451996195
0.007303443829834844
0.3987545219799643
1.0839271711140102
1.0839271711140102
0.3987545219799643
0.14669359071057492
0.3987545219799643
1.0839271711140102
1.0839271711140102
0.14669359071057492
0.14669359071057492
0.05396555617403859
0.14669359071057492
0.14669359071057492
0.019852818647811393
0.14669359071057492
0.14669359071057492
0.14669359071057492
0.3987545219799643
0.3987545219799643
0.3987545219799643
0.05396555617403859
0.14669359071057492
1.0839271711140102
0.14669359071057492
0.05396555617403859
0.0026867868347466607
0.3987545219799643
0.05396555617403859
0.05396555617403859
0.14669359071057492
0.14669359071057492
0.14669359071057492
0.14669359071057492
0.14669359071057492
0.3987545219799643
0.14669359071057492
0.3987545219799643
0.0026867868347466607
0.05396555617403859
2.9464195326122318
0.3987545219799643
0.05396555617403859
0.14669359071057492
0.05396555617403859
0.05396555617403859
0.14669359071057492
0.3987545219799643
0.3987545219799643
0.019852818647811393
0.3987545219799643
0.007303443829834844
0.0026867868347466607
0.007303443829834844
0.3987545219799643
0.05396555617403859
0.019852818647811393
0.3987545219799643
0.05396555617403859
0.14669359071057492
1.0839271711140102
0.14669359071057492
59.18041831348433
21.771259217456805
0.07685181515286811
4.195966934035761
0.028272202811448103
0.028272202811448103
0.567862373469191
0.07685181515286811
11.405820669604422
1.5436099708669258
0.567862373469191
0.567862373469191
0.07685181515286811
4.195966934035761
4.195966934035761
0.567862373469191
0.2089048926141349
0.2089048926141349
1.5436099708669258
1.5436099708669258
1.5436099708669258
1.5436099708669258
0.567862373469191
11.405820669604422
0.567862373469191
0.001407590094283682
0.2089048926141349
0.2089048926141349
0.2089048926141349
0.567862373469191
0.567862373469191
4.195966934035761
0.028272202811448103
0.567862373469191
1.5436099708669258
0.2089048926141349
1.5436099708669258
1.5436099708669258
0.567862373469191
0.567862373469191
0.2089048926141349
11.405820669604422
0.567862373469191
1.5436099708669258
1.5436099708669258
4.195966934035761
0.567862373469191
1.5436099708669258
1.5436099708669258
11.405820669604422
0.07685181515286811
1.5436099708669258
0.567862373469191
0.567862373469191
0.028272202811448103
0.028272202811448103
0.2089048926141349
0.567862373469191
0.567862373469191
0.028272202811448103
0.028272202811448103
0.567862373469191
0.567862373469191
0.2089048926141349
0.07685181515286811
0.07685181515286811
0.34297271398690615
0.34297271398690615
0.34297271398690615
0.34297271398690615
0.34297271398690615
0.12617261035855598
2.534244624051747
0.34297271398690615
0.34297271398690615
6.888791110429887
2.534244624051747
0.017075605959577946
0.34297271398690615
0.9322964960878884
0.34297271398690615
0.34297271398690615
0.34297271398690615
0.9322964960878884
0.12617261035855598
2.534244624051747
0.9322964960878884
2.534244624051747
0.006281764378073283
0.006281764378073283
6.888791110429887
0.9322964960878884
0.9322964960878884
0.34297271398690615
0.12617261035855598
0.046416309389847706
2.534244624051747
0.34297271398690615
0.9322964960878884
2.534244624051747
2.534244624051747
0.9322964960878884
0.12617261035855598
0.34297271398690615
0.34297271398690615
0.046416309389847706
0.9322964960878884
2.534244624051747
0.046416309389847706
0.9322964960878884
0.9322964960878884
18.72567569553177
0.34297271398690615
0.34297271398690615
0.0023109319689762725
0.34297271398690615
0.12617261035855598
0.34297271398690615
6.888791110429887
0.9322964960878884
0.34297271398690615
0.046416309389847706
0.046416309389847706
0.34297271398690615
0.12617261035855598
0.12617261035855598
2.534244624051747
0.34297271398690615
0.12617261035855598
18.72567569553177
2.4451031515918995
0.33090872756342404
6.646479465680202
0.33090872756342404
0.1217345177747855
0.0447836263702631
0.8995031810141604
0.8995031810141604
0.1217345177747855
0.016474975442723055
0.0447836263702631
0.0447836263702631
0.33090872756342404
0.33090872756342404
18.06700435478468
2.4451031515918995
0.1217345177747855
0.8995031810141604
2.4451031515918995
0.33090872756342404
0.1217345177747855
0.1217345177747855
0.0447836263702631
0.006060804759182193
0.016474975442723055
0.1217345177747855
0.006060804759182193
0.0447836263702631
0.0022296454678571633
0.016474975442723055
0.006060804759182193
0.00030174970090967907
0.1217345177747855
0.1217345177747855
0.016474975442723055
18.06700435478468
0.1217345177747855
0.1217345177747855
0.33090872756342404
0.8995031810141604
18.06700435478468
0.1217345177747855
0.33090872756342404
0.016474975442723055
0.0008202407287257323
0.016474975442723055
0.0447836263702631
0.1217345177747855
18.06700435478468
0.1217345177747855
0.33090872756342404
0.0447836263702631
0.33090872756342404
0.8995031810141604
0.0447836263702631
0.0447836263702631
0.006060804759182193
0.1217345177747855
0.33090872756342404
2.4451031515918995
0.1217345177747855
0.1217345177747855
0.1217345177747855
0.8995031810141604
0.2055282210855988
0.07560960711793073
0.5586836286124963
0.5586836286124963
0.2055282210855988
4.128144673371873
0.2055282210855988
1.5186595555149107
0.5586836286124963
0.5586836286124963
0.5586836286124963
0.07560960711793073
0.5586836286124963
0.027815220013736663
11.221460650876761
0.027815220013736663
0.5586836286124963
0.01023264759471416
4.128144673371873
0.01023264759471416
0.5586836286124963
0.5586836286124963
0.07560960711793073
1.5186595555149107
0.5586836286124963
1.5186595555149107
1.5186595555149107
0.2055282210855988
0.5586836286124963
0.5586836286124963
0.2055282210855988
0.07560960711793073
0.07560960711793073
0.01023264759471416
11.221460650876761
4.128144673371873
0.01023264759471416
0.5586836286124963
0.5586836286124963
0.5586836286124963
0.2055282210855988
0.2055282210855988
11.221460650876761
1.5186595555149107
0.2055282210855988
0.0013848382604910846
1.5186595555149107
0.5586836286124963
4.128144673371873
0.5586836286124963
4.128144673371873
11.221460650876761
0.2055282210855988
0.5586836286124963
0.2055282210855988
0.5586836286124963
4.128144673371873
0.5586836286124963
4.128144673371873
1.5186595555149107
0.5586836286124963
0.5586836286124963
0.2055282210855988
0.5586836286124963
1.4703639446619443
3.996863591995925
0.19899212091172738
0.5409166662808736
0.5409166662808736
0.5409166662808736
0.5409166662808736
0.5409166662808736
0.19899212091172738
0.5409166662808736
0.19899212091172738
1.4703639446619443
3.996863591995925
0.026930655045442904
0.5409166662808736
3.996863591995925
0.5409166662808736
0.026930655045442904
10.86460167295207
0.5409166662808736
1.4703639446619443
0.5409166662808736
1.4703639446619443
0.07320511023852636
0.5409166662808736
0.19899212091172738
0.026930655045442904
1.4703639446619443
0.5409166662808736
0.026930655045442904
1.4703639446619443
0.5409166662808736
29.53304930103135
0.07320511023852636
0.026930655045442904
10.86460167295207
0.5409166662808736
1.4703639446619443
1.4703639446619443
0.5409166662808736
0.5409166662808736
0.5409166662808736
0.5409166662808736
0.07320511023852636
0.026930655045442904
0.07320511023852636
0.19899212091172738
0.5409166662808736
3.996863591995925
0.5409166662808736
1.4703639446619443
0.07320511023852636
0.19899212091172738
0.5409166662808736
0.07320511023852636
3.996863591995925
0.19899212091172738
0.5409166662808736
0.19899212091172738
0.5409166662808736
0.07320511023852636
0.07320511023852636
0.19899212091172738
0.5409166662808736
8.397835839532682
0.15381172868375048
0.15381172868375048
1.1365234919177327
0.05658417279379163
0.020816153866528395
0.15381172868375048
0.05658417279379163
0.007657835051757224
0.15381172868375048
0.0010363752757088247
0.05658417279379163
0.05658417279379163
0.15381172868375048
0.41810362708491183
0.15381172868375048
1.1365234919177327
0.41810362708491183
0.41810362708491183
0.05658417279379163
0.007657835051757224
8.397835839532682
0.15381172868375048
0.15381172868375048
0.41810362708491183
3.0893911556967937
0.41810362708491183
1.1365234919177327
0.41810362708491183
0.41810362708491183
1.1365234919177327
3.0893911556967937
1.1365234919177327
0.41810362708491183
0.41810362708491183
0.15381172868375048
0.15381172868375048
0.15381172868375048
8.397835839532682
0.41810362708491183
8.397835839532682
0.41810362708491183
0.41810362708491183
1.1365234919177327
0.41810362708491183
3.0893911556967937
0.15381172868375048
0.007657835051757224
0.15381172868375048
0.41810362708491183
3.0893911556967937
0.020816153866528395
22.8276845609838
8.397835839532682
0.15381172868375048
0.15381172868375048
0.15381172868375048
0.41810362708491183
3.0893911556967937
0.41810362708491183
0.15381172868375048
0.15381172868375048
0.020816153866528395
3.0893911556967937
0.1767622920867191
0.48048972653609856
1.3061064924043326
0.48048972653609856
0.48048972653609856
0.1767622920867191
0.1767622920867191
0.1767622920867191
0.06502721323304547
0.008800476320981819
0.06502721323304547
0.06502721323304547
3.5503655443350794
0.48048972653609856
0.48048972653609856
0.1767622920867191
0.1767622920867191
26.233850178802353
0.48048972653609856
3.5503655443350794
0.02392217486510899
0.0032375143110053017
0.1767622920867191
0.48048972653609856
0.02392217486510899
9.650894143553153
0.008800476320981819
0.48048972653609856
0.0032375143110053017
0.008800476320981819
0.02392217486510899
0.1767622920867191
0.02392217486510899
0.02392217486510899
0.008800476320981819
0.1767622920867191
3.5503655443350794
0.1767622920867191
0.06502721323304547
3.5503655443350794
0.48048972653609856
0.02392217486510899
0.48048972653609856
0.06502721323304547
0.06502721323304547
0.06502721323304547
0.1767622920867191
0.1767622920867191
0.48048972653609856
0.48048972653609856
0.48048972653609856
0.1767622920867191
0.1767622920867191
0.06502721323304547
0.1767622920867191
0.1767622920867191
9.650894143553153
0.1767622920867191
0.06502721323304547
26.233850178802353
0.02392217486510899
0.06502721323304547
1.3061064924043326
1.3061064924043326
1.5105327714260057
30.33986175416204
0.07520499836288556
0.555693951823349
0.555693951823349
0.555693951823349
0.555693951823349
0.555693951823349
0.555693951823349
1.5105327714260057
0.555693951823349
0.20442838045912404
0.20442838045912404
1.5105327714260057
0.07520499836288556
1.5105327714260057
0.555693951823349
1.5105327714260057
0.20442838045912404
0.555693951823349
4.106053783859193
0.555693951823349
0.555693951823349
0.07520499836288556
0.20442838045912404
0.027666372771037576
0.027666372771037576
1.5105327714260057
0.20442838045912404
0.555693951823349
0.07520499836288556
0.20442838045912404
1.5105327714260057
0.555693951823349
1.5105327714260057
11.161411387339946
0.20442838045912404
0.555693951823349
1.5105327714260057
0.555693951823349
0.555693951823349
4.106053783859193
0.555693951823349
0.20442838045912404
4.106053783859193
0.555693951823349
0.07520499836288556
4.106053783859193
1.5105327714260057
1.5105327714260057
0.555693951823349
0.07520499836288556
0.003744236395098079
0.07520499836288556
0.555693951823349
4.106053783859193
1.5105327714260057
0.07520499836288556
0.555693951823349
0.027666372771037576
4.106053783859193
0.20442838045912404
1.5105327714260057
0.027666372771037576
0.0036053326270925412
0.5350788048023959
10.74734509067365
0.5350788048023959
0.19684449169338866
0.02664000503689181
0.19684449169338866
0.19684449169338866
0.19684449169338866
0.02664000503689181
0.02664000503689181
3.9537273060336666
0.009800310165776168
0.5350788048023959
0.07241504160184044
0.19684449169338866
1.4544949918879373
3.9537273060336666
0.19684449169338866
1.4544949918879373
0.19684449169338866
10.74734509067365
1.4544949918879373
0.07241504160184044
3.9537273060336666
1.4544949918879373
0.02664000503689181
10.74734509067365
0.19684449169338866
0.19684449169338866
0.5350788048023959
0.19684449169338866
0.5350788048023959
3.9537273060336666
0.19684449169338866
0.19684449169338866
0.5350788048023959
0.19684449169338866
0.5350788048023959
0.009800310165776168
0.07241504160184044
0.5350788048023959
0.02664000503689181
0.02664000503689181
0.0004879287122497701
1.4544949918879373
0.5350788048023959
0.19684449169338866
0.5350788048023959
3.9537273060336666
0.19684449169338866
0.009800310165776168
0.07241504160184044
0.0004879287122497701
0.19684449169338866
1.4544949918879373
0.02664000503689181
0.19684449169338866
0.009800310165776168
0.19684449169338866
29.21431286415671
0.02664000503689181
0.5350788048023959
0.07241504160184044
0.10221268326073855
0.2778428795457056
0.7552552506358269
5.580623415960054
0.2778428795457056
0.7552552506358269
0.7552552506358269
0.2778428795457056
0.10221268326073855
2.0529966236516497
2.0529966236516497
0.7552552506358269
0.7552552506358269
0.7552552506358269
0.10221268326073855
0.10221268326073855
0.7552552506358269
2.0529966236516497
0.7552552506358269
0.10221268326073855
0.2778428795457056
0.037601944798594134
2.0529966236516497
2.0529966236516497
0.7552552506358269
0.7552552506358269
0.7552552506358269
0.037601944798594134
0.7552552506358269
0.7552552506358269
0.7552552506358269
0.2778428795457056
0.7552552506358269
0.7552552506358269
0.2778428795457056
0.037601944798594134
0.7552552506358269
0.7552552506358269
0.2778428795457056
0.7552552506358269
0.7552552506358269
0.7552552506358269
0.10221268326073855
5.580623415960054
0.7552552506358269
2.0529966236516497
0.10221268326073855
0.7552552506358269
0.7552552506358269
0.10221268326073855
5.580623415960054
5.580623415960054
0.7552552506358269
0.7552552506358269
2.0529966236516497
0.7552552506358269
0.2778428795457056
5.580623415960054
0.7552552506358269
15.169707223077255
2.0529966236516497
0.2778428795457056
0.7552552506358269
15.169707223077255
0.016975645745182132
0.9268388533049605
0.046144589355486695
0.9268388533049605
0.3409649594098093
0.016975645745182132
0.9268388533049605
0.046144589355486695
0.12543399872672417
0.12543399872672417
0.046144589355486695
0.3409649594098093
0.3409649594098093
0.3409649594098093
0.9268388533049605
0.006244991070261974
2.519409212848693
6.84846428173891
2.519409212848693
0.016975645745182132
0.3409649594098093
0.9268388533049605
0.9268388533049605
0.046144589355486695
2.519409212848693
0.3409649594098093
0.12543399872672417
0.9268388533049605
2.519409212848693
0.3409649594098093
0.9268388533049605
0.046144589355486695
0.9268388533049605
6.84846428173891
0.0022974038250486227
2.519409212848693
0.12543399872672417
0.016975645745182132
0.9268388533049605
0.3409649594098093
0.3409649594098093
0.9268388533049605
0.3409649594098093
0.3409649594098093
0.9268388533049605
50.6036867692916
0.016975645745182132
0.12543399872672417
0.3409649594098093
0.3409649594098093
0.3409649594098093
2.519409212848693
0.12543399872672417
0.3409649594098093
0.046144589355486695
0.3409649594098093
0.12543399872672417
0.3409649594098093
0.9268388533049605
0.3409649594098093
0.3409649594098093
0.3409649594098093
0.12543399872672417
0.3409649594098093
0.23358554654523633
1.7259767073221275
1.7259767073221275
0.6349513465645904
0.03161236610167853
0.6349513465645904
1.7259767073221275
0.6349513465645904
0.03161236610167853
0.08593132032878747
0.6349513465645904
0.6349513465645904
0.6349513465645904
0.23358554654523633
0.6349513465645904
0.23358554654523633
1.7259767073221275
0.23358554654523633
0.23358554654523633
1.7259767073221275
0.08593132032878747
0.6349513465645904
0.6349513465645904
0.6349513465645904
4.691691119857316
0.08593132032878747
0.08593132032878747
1.7259767073221275
0.6349513465645904
0.23358554654523633
4.691691119857316
0.23358554654523633
0.6349513465645904
0.08593132032878747
12.75333871585081
0.6349513465645904
1.7259767073221275
0.011629539575592545
0.08593132032878747
0.6349513465645904
0.08593132032878747
0.6349513465645904
12.75333871585081
0.6349513465645904
0.23358554654523633
4.691691119857316
0.6349513465645904
0.23358554654523633
0.08593132032878747
0.6349513465645904
0.6349513465645904
1.7259767073221275
12.75333871585081
0.23358554654523633
0.6349513465645904
1.7259767073221275
0.6349513465645904
12.75333871585081
0.23358554654523633
0.23358554654523633
0.6349513465645904
0.03161236610167853
0.08593132032878747
1.7259767073221275
0.08020058474923401
0.592606619879132
0.592606619879132
0.08020058474923401
0.592606619879132
0.21800779215563246
4.378803558884578
0.02950414629917111
0.21800779215563246
0.21800779215563246
0.21800779215563246
1.6108718062419818
0.21800779215563246
4.378803558884578
0.592606619879132
0.592606619879132
0.21800779215563246
0.21800779215563246
0.21800779215563246
0.592606619879132
0.08020058474923401
4.378803558884578
0.21800779215563246
0.592606619879132
0.02950414629917111
0.02950414629917111
11.902822144507745
0.0014689249489322918
1.6108718062419818
0.21800779215563246
0.02950414629917111
0.21800779215563246
0.010853968852779545
0.08020058474923401
1.6108718062419818
0.08020058474923401
0.21800779215563246
0.00399295199605278
0.08020058474923401
0.592606619879132
0.21800779215563246
1.6108718062419818
1.6108718062419818
0.592606619879132
1.6108718062419818
4.378803558884578
0.21800779215563246
32.35522514279533
0.21800779215563246
0.21800779215563246
0.21800779215563246
0.21800779215563246
0.00399295199605278
1.6108718062419818
1.6108718062419818
0.592606619879132
11.902822144507745
0.08020058474923401
0.21800779215563246
0.21800779215563246
0.21800779215563246
0.592606619879132
1.6108718062419818
0.02950414629917111
0.32266645283391987
0.32266645283391987
0.877098355391782
0.32266645283391987
0.877098355391782
0.877098355391782
0.32266645283391987
0.32266645283391987
0.11870235435331401
0.32266645283391987
0.32266645283391987
0.877098355391782
0.32266645283391987
0.043668155785231685
0.877098355391782
0.32266645283391987
0.877098355391782
0.043668155785231685
0.877098355391782
0.877098355391782
2.384200521232795
0.11870235435331401
0.016064616747258516
0.32266645283391987
0.32266645283391987
0.043668155785231685
0.005909842231614856
0.32266645283391987
0.877098355391782
0.043668155785231685
0.32266645283391987
0.32266645283391987
0.32266645283391987
0.32266645283391987
0.32266645283391987
17.616991402488818
0.32266645283391987
47.887947601504585
0.043668155785231685
0.32266645283391987
0.32266645283391987
0.32266645283391987
0.11870235435331401
0.32266645283391987
0.005909842231614856
0.0021741094575778628
0.877098355391782
0.877098355391782
0.32266645283391987
2.384200521232795
0.32266645283391987
0.016064616747258516
0.32266645283391987
0.043668155785231685
0.877098355391782
0.32266645283391987
0.005909842231614856
0.877098355391782
0.043668155785231685
6.48092895226969
0.11870235435331401
0.11870235435331401
2.384200521232795
0.11870235435331401
0.060532193776006916
1.2158216131295374
1.2158216131295374
1.2158216131295374
0.16454356237808132
0.4472757756022558
0.16454356237808132
3.304945797617785
1.2158216131295374
0.4472757756022558
0.060532193776006916
0.16454356237808132
0.16454356237808132
3.304945797617785
0.4472757756022558
1.2158216131295374
0.022268549619198885
0.4472757756022558
0.4472757756022558
0.4472757756022558
0.4472757756022558
8.983774105706512
0.16454356237808132
1.2158216131295374
0.4472757756022558
1.2158216131295374
1.2158216131295374
0.4472757756022558
0.060532193776006916
0.060532193776006916
8.983774105706512
1.2158216131295374
3.304945797617785
24.42042990252292
0.4472757756022558
0.4472757756022558
0.060532193776006916
1.2158216131295374
8.983774105706512
0.16454356237808132
0.4472757756022558
0.4472757756022558
0.4472757756022558
0.16454356237808132
0.022268549619198885
0.4472757756022558
1.2158216131295374
0.16454356237808132
0.4472757756022558
0.16454356237808132
0.4472757756022558
0.16454356237808132
0.4472757756022558
0.4472757756022558
1.2158216131295374
0.16454356237808132
0.16454356237808132
1.2158216131295374
0.060532193776006916
0.4472757756022558
8.983774105706512
0.16454356237808132
1.2158216131295374
1.2158216131295374
0.0062181898345423986
0.9228611972439656
2.5085968226582307
2.5085968226582307
0.04594655352123409
0.016902792433145363
0.016902792433145363
0.04594655352123409
0.12489568151709159
0.12489568151709159
0.33950166152091826
0.9228611972439656
0.9228611972439656
2.5085968226582307
0.0062181898345423986
0.33950166152091826
0.9228611972439656
2.5085968226582307
0.33950166152091826
0.12489568151709159
0.9228611972439656
0.016902792433145363
6.819073157961967
0.04594655352123409
0.04594655352123409
2.5085968226582307
0.04594655352123409
0.04594655352123409
0.04594655352123409
0.016902792433145363
0.33950166152091826
0.33950166152091826
0.33950166152091826
0.12489568151709159
0.33950166152091826
0.04594655352123409
0.12489568151709159
0.33950166152091826
0.04594655352123409
0.9228611972439656
0.016902792433145363
2.5085968226582307
0.04594655352123409
0.12489568151709159
0.33950166152091826
6.819073157961967
0.33950166152091826
0.9228611972439656
0.33950166152091826
0.12489568151709159
50.38651410689315
0.33950166152091826
0.33950166152091826
0.04594655352123409
0.9228611972439656
2.5085968226582307
2.5085968226582307
0.04594655352123409
0.04594655352123409
0.9228611972439656
0.9228611972439656
0.016902792433145363
0.33950166152091826
0.33950166152091826
0.39349877718466414
0.39349877718466414
0.39349877718466414
2.907584539478096
0.14476011025234017
1.0696405755419276
0.14476011025234017
0.007207181506072782
0.007207181506072782
0.007207181506072782
0.39349877718466414
0.05325426846354728
0.14476011025234017
0.019591150522363737
0.019591150522363737
0.05325426846354728
0.14476011025234017
0.05325426846354728
0.39349877718466414
0.39349877718466414
0.14476011025234017
0.39349877718466414
1.0696405755419276
2.907584539478096
0.14476011025234017
0.05325426846354728
0.019591150522363737
0.019591150522363737
21.48430527458709
0.05325426846354728
0.007207181506072782
0.14476011025234017
0.05325426846354728
0.05325426846354728
0.14476011025234017
0.007207181506072782
0.14476011025234017
0.05325426846354728
0.14476011025234017
1.0696405755419276
0.05325426846354728
0.14476011025234017
0.39349877718466414
0.14476011025234017
0.14476011025234017
0.019591150522363737
0.05325426846354728
0.007207181506072782
2.907584539478096
0.05325426846354728
0.39349877718466414
0.14476011025234017
0.05325426846354728
0.14476011025234017
0.05325426846354728
0.05325426846354728
0.05325426846354728
0.14476011025234017
0.14476011025234017
1.0696405755419276
0.019591150522363737
0.007207181506072782
58.4003966249769
0.14476011025234017
0.05414535533038434
0.05414535533038434
0.4000830680327435
0.4000830680327435
0.14718233549004184
0.4000830680327435
0.4000830680327435
0.4000830680327435
0.14718233549004184
0.4000830680327435
0.05414535533038434
21.843795374172384
0.05414535533038434
0.14718233549004184
0.14718233549004184
0.4000830680327435
1.0875385337075505
0.4000830680327435
2.95623623392623
0.4000830680327435
0.4000830680327435
2.95623623392623
1.0875385337075505
0.4000830680327435
0.4000830680327435
0.05414535533038434
21.843795374172384
0.14718233549004184
0.14718233549004184
8.035883235313875
0.4000830680327435
2.95623623392623
1.0875385337075505
0.4000830680327435
0.14718233549004184
0.4000830680327435
2.95623623392623
0.4000830680327435
0.14718233549004184
0.4000830680327435
0.14718233549004184
0.4000830680327435
0.14718233549004184
1.0875385337075505
0.019918963060970962
0.4000830680327435
1.0875385337075505
0.4000830680327435
0.4000830680327435
2.95623623392623
0.05414535533038434
1.0875385337075505
0.14718233549004184
1.0875385337075505
0.4000830680327435
0.4000830680327435
2.95623623392623
2.95623623392623
0.4000830680327435
0.14718233549004184
0.019918963060970962
8.035883235313875
0.14718233549004184
0.05414535533038434
0.07009211306150452
3.8268997050721327
0.5179145555040466
0.07009211306150452
1.4078377249210936
0.07009211306150452
3.8268997050721327
1.4078377249210936
0.5179145555040466
0.009485935973831393
0.19053011725338465
1.4078377249210936
0.19053011725338465
1.4078377249210936
3.8268997050721327
0.5179145555040466
3.8268997050721327
0.5179145555040466
0.19053011725338465
0.5179145555040466
10.402591927632859
0.07009211306150452
3.8268997050721327
1.4078377249210936
1.4078377249210936
0.19053011725338465
0.19053011725338465
0.5179145555040466
0.5179145555040466
10.402591927632859
0.5179145555040466
0.009485935973831393
1.4078377249210936
3.8268997050721327
0.009485935973831393
3.8268997050721327
0.5179145555040466
3.8268997050721327
0.19053011725338465
0.5179145555040466
0.5179145555040466
3.8268997050721327
0.5179145555040466
0.5179145555040466
0.5179145555040466
3.8268997050721327
0.07009211306150452
0.5179145555040466
1.4078377249210936
1.4078377249210936
0.5179145555040466
0.19053011725338465
0.02578544738359184
0.07009211306150452
0.5179145555040466
0.19053011725338465
0.19053011725338465
0.07009211306150452
10.402591927632859
1.4078377249210936
0.5179145555040466
0.5179145555040466
3.8268997050721327
0.5179145555040466
9.82711812735988
0.008961171793713344
0.1799899469376572
0.48926340206594143
0.1799899469376572
0.0662146010959029
0.1799899469376572
0.0662146010959029
0.1799899469376572
0.48926340206594143
1.3299558151659003
0.0032966308717125555
0.0662146010959029
0.48926340206594143
0.48926340206594143
0.1799899469376572
3.6151947250189034
0.1799899469376572
0.0662146010959029
0.1799899469376572
0.1799899469376572
0.0662146010959029
0.00121276272283414
1.3299558151659003
3.6151947250189034
3.6151947250189034
0.48926340206594143
0.48926340206594143
0.1799899469376572
1.3299558151659003
0.48926340206594143
1.3299558151659003
0.02435899044855073
0.1799899469376572
0.0662146010959029
1.3299558151659003
0.1799899469376572
0.48926340206594143
0.48926340206594143
0.0662146010959029
0.1799899469376572
0.1799899469376572
0.48926340206594143
26.712876631722843
0.1799899469376572
0.1799899469376572
0.48926340206594143
0.1799899469376572
0.48926340206594143
0.02435899044855073
3.6151947250189034
3.6151947250189034
0.48926340206594143
0.0662146010959029
0.1799899469376572
0.1799899469376572
0.02435899044855073
0.02435899044855073
1.3299558151659003
0.02435899044855073
0.0662146010959029
0.1799899469376572
26.712876631722843
0.1799899469376572
0.08796033860673717
0.23910099005979824
0.23910099005979824
0.08796033860673717
0.23910099005979824
0.6499438764461163
1.7667306288617093
0.03235880021189732
0.011904137338931134
0.23910099005979824
0.23910099005979824
0.6499438764461163
1.7667306288617093
0.23910099005979824
4.802471764216806
0.6499438764461163
1.7667306288617093
0.23910099005979824
0.23910099005979824
0.6499438764461163
0.6499438764461163
1.7667306288617093
0.23910099005979824
0.23910099005979824
1.7667306288617093
0.08796033860673717
0.011904137338931134
0.23910099005979824
0.23910099005979824
0.08796033860673717
0.23910099005979824
0.23910099005979824
0.23910099005979824
1.7667306288617093
1.7667306288617093
0.03235880021189732
1.7667306288617093
0.03235880021189732
0.6499438764461163
0.08796033860673717
13.054471728358195
0.08796033860673717
0.23910099005979824
35.48573327932842
0.03235880021189732
13.054471728358195
0.08796033860673717
0.23910099005979824
0.23910099005979824
1.7667306288617093
0.23910099005979824
0.23910099005979824
0.23910099005979824
0.23910099005979824
0.23910099005979824
0.6499438764461163
4.802471764216806
0.6499438764461163
0.23910099005979824
0.23910099005979824
0.23910099005979824
0.6499438764461163
0.03235880021189732
0.03235880021189732
0.2729809523534432
5.4829689978220175
2.0170715708791067
5.4829689978220175
0.03694395450495351
5.4829689978220175
0.0049998205468084166
0.7420391622978091
0.7420391622978091
0.7420391622978091
5.4829689978220175
0.013590921337945485
0.2729809523534432
0.10042408020223281
0.10042408020223281
0.7420391622978091
0.7420391622978091
5.4829689978220175
0.7420391622978091
0.7420391622978091
0.2729809523534432
0.10042408020223281
0.7420391622978091
0.7420391622978091
0.2729809523534432
0.10042408020223281
0.2729809523534432
0.7420391622978091
2.0170715708791067
0.03694395450495351
0.7420391622978091
2.0170715708791067
0.10042408020223281
0.7420391622978091
0.2729809523534432
14.90425499278389
0.10042408020223281
14.90425499278389
0.2729809523534432
0.10042408020223281
0.7420391622978091
5.4829689978220175
0.013590921337945485
0.7420391622978091
0.7420391622978091
0.2729809523534432
0.2729809523534432
0.2729809523534432
0.2729809523534432
0.7420391622978091
2.0170715708791067
2.0170715708791067
2.0170715708791067
2.0170715708791067
0.7420391622978091
0.10042408020223281
0.013590921337945485
0.7420391622978091
2.0170715708791067
0.2729809523534432
0.7420391622978091
0.7420391622978091
0.10042408020223281
2.0170715708791067
1.1424473916158981
0.42028290799542856
0.42028290799542856
0.15461344132726695
0.00769774997395136
0.15461344132726695
0.15461344132726695
0.42028290799542856
0.42028290799542856
0.056879106393068556
0.15461344132726695
0.15461344132726695
0.15461344132726695
0.15461344132726695
0.056879106393068556
0.42028290799542856
0.056879106393068556
0.056879106393068556
3.1054939845999305
1.1424473916158981
0.056879106393068556
0.15461344132726695
0.15461344132726695
1.1424473916158981
0.02092465387421307
0.056879106393068556
62.375514092419095
0.0010417771730093354
0.056879106393068556
0.42028290799542856
0.056879106393068556
0.15461344132726695
0.02092465387421307
0.15461344132726695
0.15461344132726695
0.00769774997395136
0.056879106393068556
0.15461344132726695
0.056879106393068556
0.15461344132726695
0.15461344132726695
0.42028290799542856
0.15461344132726695
0.02092465387421307
8.441607866726866
0.15461344132726695
0.42028290799542856
1.1424473916158981
0.00769774997395136
0.15461344132726695
0.00769774997395136
1.1424473916158981
0.056879106393068556
0.15461344132726695
1.1424473916158981
0.056879106393068556
8.441607866726866
0.056879106393068556
0.15461344132726695
0.15461344132726695
0.056879106393068556
0.15461344132726695
3.1054939845999305
0.02092465387421307
0.2392473153677203
0.2392473153677203
0.2392473153677203
0.2392473153677203
1.7678118347706384
0.011911422447040597
35.50744988053379
0.6503416298716845
0.08801416867924476
0.032378603188889625
0.032378603188889625
0.2392473153677203
0.032378603188889625
0.2392473153677203
4.80541078659187
0.032378603188889625
0.2392473153677203
0.2392473153677203
0.2392473153677203
0.2392473153677203
0.2392473153677203
4.80541078659187
0.2392473153677203
0.08801416867924476
0.6503416298716845
13.062460819473767
4.80541078659187
0.2392473153677203
0.08801416867924476
13.062460819473767
0.6503416298716845
0.08801416867924476
0.2392473153677203
1.7678118347706384
0.2392473153677203
0.032378603188889625
0.08801416867924476
0.032378603188889625
0.6503416298716845
0.2392473153677203
0.2392473153677203
0.2392473153677203
0.2392473153677203
0.08801416867924476
0.08801416867924476
4.80541078659187
0.032378603188889625
0.08801416867924476
0.6503416298716845
0.6503416298716845
0.2392473153677203
0.08801416867924476
0.08801416867924476
0.2392473153677203
0.2392473153677203
0.2392473153677203
1.7678118347706384
0.6503416298716845
0.6503416298716845
0.6503416298716845
0.2392473153677203
0.6503416298716845
0.2392473153677203
0.2392473153677203
0.7843621276419867
5.795695763023243
2.1321173185006868
0.7843621276419867
0.2885507011929776
0.7843621276419867
0.10615187070450044
0.7843621276419867
0.7843621276419867
0.2885507011929776
2.1321173185006868
0.014366093487889853
0.10615187070450044
0.10615187070450044
0.03905109087407482
0.2885507011929776
0.2885507011929776
0.7843621276419867
0.10615187070450044
0.2885507011929776
0.2885507011929776
0.03905109087407482
0.10615187070450044
0.2885507011929776
0.2885507011929776
0.7843621276419867
0.005284990444141616
2.1321173185006868
0.2885507011929776
42.824721125313424
0.7843621276419867
0.2885507011929776
0.014366093487889853
0.7843621276419867
0.7843621276419867
0.03905109087407482
0.03905109087407482
0.7843621276419867
0.10615187070450044
0.2885507011929776
0.7843621276419867
0.2885507011929776
0.03905109087407482
5.795695763023243
0.2885507011929776
0.7843621276419867
0.7843621276419867
0.2885507011929776
0.2885507011929776
0.2885507011929776
0.7843621276419867
0.10615187070450044
0.2885507011929776
0.005284990444141616
0.7843621276419867
0.7843621276419867
0.014366093487889853
0.7843621276419867
0.10615187070450044
0.2885507011929776
15.754334475903162
0.10615187070450044
2.1321173185006868
0.7843621276419867
